 H0 depl. Rate(jt,jn) (cm**3 s**-1)  Te(jt) = 10**(-1.2 + (jt-1)/10) jt= 1,60
 jn =   1; jt = 1 -> 60 going by rows   ne(jn) = 10**(10 + 0.5*(jn-1)) jn=1,15
  4.54747E-13 -9.09495E-13 -9.09495E-13  0.00000E+00  9.09495E-13  2.72848E-12
  9.09495E-13  0.00000E+00  9.09495E-13 -1.16415E-10 -2.97468E-08 -2.51111E-06
 -8.57971E-05 -1.50074E-03 -1.51826E-02 -9.93555E-02 -4.58972E-01 -1.60312E+00
 -4.46589E+00 -1.03558E+01 -2.06751E+01 -3.65749E+01 -5.84839E+01 -8.59216E+01
 -1.17700E+02 -1.52155E+02 -1.87465E+02 -2.21895E+02 -2.53935E+02 -2.82342E+02
 -3.06141E+02 -3.24630E+02 -3.37401E+02 -3.44364E+02 -3.45743E+02 -3.42046E+02
 -3.33990E+02 -3.22410E+02 -3.08169E+02 -2.86297E+02 -2.66209E+02 -2.46946E+02
 -2.28604E+02 -2.11240E+02 -1.94798E+02 -1.79424E+02 -1.65048E+02 -1.51644E+02
 -1.39180E+02 -1.27614E+02 -1.16905E+02 -1.07006E+02 -9.78692E+01 -8.94489E+01
 -8.16984E+01 -7.45728E+01 -6.80287E+01 -6.20244E+01 -5.65204E+01 -5.14793E+01

 jn =   2
  0.00000E+00 -1.81899E-12  0.00000E+00  0.00000E+00 -3.63798E-12  0.00000E+00
 -7.27596E-12  0.00000E+00 -3.63798E-12 -5.05679E-10 -1.23371E-07 -9.96753E-06
 -3.28516E-04 -5.53778E-03 -5.42413E-02 -3.45457E-01 -1.56121E+00 -5.35990E+00
 -1.47351E+01 -3.38266E+01 -6.70299E+01 -1.18017E+02 -1.88109E+02 -2.75652E+02
 -3.76852E+02 -4.86390E+02 -5.98496E+02 -7.07683E+02 -8.09186E+02 -8.99089E+02
 -9.74329E+02 -1.03271E+03 -1.07295E+03 -1.09479E+03 -1.09894E+03 -1.08702E+03
 -1.06131E+03 -1.02445E+03 -9.79168E+02 -9.09765E+02 -8.46001E+02 -7.84858E+02
 -7.26634E+02 -6.71510E+02 -6.19123E+02 -5.70254E+02 -5.24546E+02 -4.81928E+02
 -4.42292E+02 -4.05512E+02 -3.71454E+02 -3.39970E+02 -3.10912E+02 -2.84131E+02
 -2.59482E+02 -2.36821E+02 -2.16010E+02 -1.96917E+02 -1.79417E+02 -1.63390E+02

 jn =   3
  3.63798E-12 -7.27596E-12 -7.27596E-12 -2.18279E-11  0.00000E+00 -1.45519E-11
  1.45519E-11  0.00000E+00  0.00000E+00 -2.29920E-09 -5.36107E-07 -4.13704E-05
 -1.31130E-03 -2.12229E-02 -2.00320E-01 -1.23534E+00 -5.43439E+00 -1.82547E+01
 -4.93352E+01 -1.11776E+02 -2.19295E+02 -3.83702E+02 -6.08955E+02 -8.89201E+02
 -1.21234E+03 -1.56123E+03 -1.91769E+03 -2.26428E+03 -2.58601E+03 -2.87057E+03
 -3.10837E+03 -3.29253E+03 -3.41911E+03 -3.48730E+03 -3.49946E+03 -3.46074E+03
 -3.37834E+03 -3.26069E+03 -3.11642E+03 -2.89589E+03 -2.69323E+03 -2.49888E+03
 -2.31381E+03 -2.13857E+03 -1.97125E+03 -1.81563E+03 -1.67008E+03 -1.53434E+03
 -1.40809E+03 -1.29094E+03 -1.18244E+03 -1.08215E+03 -9.89581E+02 -9.04268E+02
 -8.25745E+02 -7.53556E+02 -6.87263E+02 -6.26445E+02 -5.70702E+02 -5.19654E+02

 jn =   4
  4.36557E-11 -5.82077E-11  0.00000E+00 -5.82077E-11  2.91038E-11 -2.91038E-11
  0.00000E+00  2.91038E-11  0.00000E+00 -1.11759E-08 -2.46524E-06 -1.81168E-04
 -5.50420E-03 -8.52272E-02 -7.71722E-01 -4.58356E+00 -1.95156E+01 -6.37866E+01
 -1.68632E+02 -3.75492E+02 -7.26891E+02 -1.26137E+03 -1.98996E+03 -2.89184E+03
 -3.92796E+03 -5.04235E+03 -6.17836E+03 -7.28001E+03 -8.30063E+03 -9.20147E+03
 -9.95264E+03 -1.05327E+04 -1.09297E+04 -1.11412E+04 -1.11751E+04 -1.10477E+04
 -1.07821E+04 -1.04050E+04 -9.94375E+03 -9.24141E+03 -8.59577E+03 -7.97659E+03
 -7.38695E+03 -6.82862E+03 -6.29202E+03 -5.79516E+03 -5.33030E+03 -4.89679E+03
 -4.49356E+03 -4.11937E+03 -3.77285E+03 -3.45251E+03 -3.15687E+03 -2.88441E+03
 -2.63365E+03 -2.40314E+03 -2.19147E+03 -1.99730E+03 -1.81935E+03 -1.65640E+03

 jn =   5
  5.82077E-11  0.00000E+00  1.16415E-10  0.00000E+00  1.16415E-10  2.32831E-10
 -2.32831E-10  0.00000E+00  2.32831E-10 -5.82077E-08 -1.21749E-05 -8.47951E-04
 -2.45830E-02 -3.62783E-01 -3.13735E+00 -1.78504E+01 -7.31077E+01 -2.31009E+02
 -5.93697E+02 -1.29204E+03 -2.45657E+03 -4.21556E+03 -6.59497E+03 -9.52031E+03
 -1.28626E+04 -1.64393E+04 -2.00730E+04 -2.35814E+04 -2.68237E+04 -2.96761E+04
 -3.20469E+04 -3.38696E+04 -3.51084E+04 -3.57575E+04 -3.58423E+04 -3.54158E+04
 -3.45517E+04 -3.33345E+04 -3.18518E+04 -2.96073E+04 -2.75428E+04 -2.55630E+04
 -2.36776E+04 -2.18918E+04 -2.01603E+04 -1.85667E+04 -1.70757E+04 -1.56850E+04
 -1.43915E+04 -1.31911E+04 -1.20795E+04 -1.10521E+04 -1.01040E+04 -9.23029E+03
 -8.42632E+03 -7.68739E+03 -7.00899E+03 -6.38678E+03 -5.81666E+03 -5.29471E+03

 jn =   6
  1.16415E-10  0.00000E+00  0.00000E+00  0.00000E+00  0.00000E+00  4.65661E-10
  0.00000E+00 -4.65661E-10 -4.65661E-10 -3.37139E-07 -6.58990E-05 -4.31600E-03
 -1.18625E-01 -1.66103E+00 -1.36596E+01 -7.40726E+01 -2.90015E+02 -8.79727E+02
 -2.18173E+03 -4.60760E+03 -8.55327E+03 -1.44558E+04 -2.23448E+04 -3.19482E+04
 -4.28302E+04 -5.43981E+04 -6.60850E+04 -7.72978E+04 -8.76207E+04 -9.66582E+04
 -1.04133E+05 -1.09828E+05 -1.13660E+05 -1.15611E+05 -1.15766E+05 -1.14298E+05
 -1.11444E+05 -1.07472E+05 -1.02662E+05 -9.54473E+04 -8.88059E+04 -8.24374E+04
 -7.63725E+04 -7.06216E+04 -6.49826E+04 -5.98354E+04 -5.50189E+04 -5.05262E+04
 -4.63479E+04 -4.24710E+04 -3.88812E+04 -3.55636E+04 -3.25032E+04 -2.96837E+04
 -2.70899E+04 -2.47067E+04 -2.25194E+04 -2.05139E+04 -1.86769E+04 -1.69958E+04

 jn =   7
  0.00000E+00  9.31323E-10  0.00000E+00  2.79397E-09 -9.31323E-10  0.00000E+00
 -9.31323E-10  0.00000E+00 -1.86265E-09 -2.28174E-06 -4.09736E-04 -2.49005E-02
 -6.41230E-01 -8.45699E+00 -6.57101E+01 -3.37408E+02 -1.25350E+03 -3.61885E+03
 -8.57877E+03 -1.74116E+04 -3.13144E+04 -5.17959E+04 -7.86421E+04 -1.10816E+05
 -1.46801E+05 -1.84662E+05 -2.22562E+05 -2.58620E+05 -2.91585E+05 -3.20232E+05
 -3.43737E+05 -3.61292E+05 -3.72930E+05 -3.78538E+05 -3.78414E+05 -3.73118E+05
 -3.63438E+05 -3.50210E+05 -3.34358E+05 -3.10922E+05 -2.89327E+05 -2.68622E+05
 -2.48908E+05 -2.30114E+05 -2.11508E+05 -1.94683E+05 -1.78938E+05 -1.64255E+05
 -1.50601E+05 -1.37936E+05 -1.26214E+05 -1.15386E+05 -1.05401E+05 -9.62076E+04
 -8.77547E+04 -7.99924E+04 -7.28723E+04 -6.63481E+04 -6.03757E+04 -5.49131E+04

 jn =   8
 -1.86265E-09 -1.86265E-09 -3.72529E-09  0.00000E+00  3.72529E-09  1.11759E-08
 -3.72529E-09  0.00000E+00 -3.72529E-08 -1.90288E-05 -3.07625E-03 -1.69689E-01
 -4.01612E+00 -4.94008E+01 -3.59946E+02 -1.73906E+03 -6.09045E+03 -1.66067E+04
 -3.72855E+04 -7.19662E+04 -1.24504E+05 -1.99803E+05 -2.95514E+05 -4.07384E+05
 -5.29887E+05 -6.56552E+05 -7.81380E+05 -8.98568E+05 -1.00432E+06 -1.09505E+06
 -1.16841E+06 -1.22133E+06 -1.25531E+06 -1.26977E+06 -1.26581E+06 -1.24492E+06
 -1.21041E+06 -1.16451E+06 -1.11052E+06 -1.03271E+06 -9.60887E+05 -8.92069E+05
 -8.26585E+05 -7.63042E+05 -7.00388E+05 -6.44105E+05 -5.91476E+05 -5.42425E+05
 -4.96860E+05 -4.54634E+05 -4.15593E+05 -3.79571E+05 -3.46390E+05 -3.15872E+05
 -2.87846E+05 -2.62138E+05 -2.38585E+05 -2.17027E+05 -1.97314E+05 -1.79305E+05

 jn =   9
 -7.45058E-09  0.00000E+00  1.49012E-08  0.00000E+00  1.49012E-08  0.00000E+00
  1.49012E-08  0.00000E+00 -3.12924E-07 -1.82405E-04 -2.64770E-02 -1.32016E+00
 -2.85639E+01 -3.27481E+02 -2.23582E+03 -1.01543E+04 -3.34763E+04 -8.59961E+04
 -1.82096E+05 -3.32143E+05 -5.51275E+05 -8.51515E+05 -1.21694E+06 -1.62870E+06
 -2.06542E+06 -2.50466E+06 -2.92679E+06 -3.31435E+06 -3.65625E+06 -3.94290E+06
 -4.16845E+06 -4.32367E+06 -4.41594E+06 -4.44400E+06 -4.41218E+06 -4.32027E+06
 -4.18850E+06 -4.01906E+06 -3.82539E+06 -3.55724E+06 -3.30892E+06 -3.07113E+06
 -2.84498E+06 -2.61614E+06 -2.39701E+06 -2.20041E+06 -2.01677E+06 -1.84590E+06
 -1.68743E+06 -1.54087E+06 -1.40567E+06 -1.28121E+06 -1.16684E+06 -1.06192E+06
 -9.65804E+05 -8.77868E+05 -7.97504E+05 -7.24135E+05 -6.57213E+05 -5.96219E+05

 jn =   10
  1.49012E-08 -2.98023E-08  0.00000E+00  2.98023E-08 -2.98023E-08 -2.98023E-08
  2.98023E-08 -5.96046E-08 -3.36766E-06 -1.76838E-03 -2.37375E-01 -1.09220E+01
 -2.18437E+02 -2.33419E+03 -1.48795E+04 -6.32645E+04 -1.95848E+05 -4.73836E+05
 -9.47561E+05 -1.63654E+06 -2.61146E+06 -3.88122E+06 -5.35702E+06 -6.95458E+06
 -8.58881E+06 -1.01798E+07 -1.16626E+07 -1.29857E+07 -1.41178E+07 -1.50364E+07
 -1.57298E+07 -1.61786E+07 -1.64076E+07 -1.64197E+07 -1.62325E+07 -1.58170E+07
 -1.52903E+07 -1.46333E+07 -1.39037E+07 -1.29404E+07 -1.20421E+07 -1.11807E+07
 -1.03602E+07 -9.46656E+06 -8.65708E+06 -7.92732E+06 -7.24598E+06 -6.61273E+06
 -6.02645E+06 -5.48548E+06 -4.98770E+06 -4.53078E+06 -4.11232E+06 -3.72972E+06
 -3.38054E+06 -3.06224E+06 -2.77249E+06 -2.50901E+06 -2.26964E+06 -2.05236E+06

 jn =   11
  0.00000E+00  0.00000E+00 -5.96046E-08 -3.57628E-07 -1.19209E-07  0.00000E+00
  3.57628E-07 -2.38419E-07 -3.13520E-05 -1.57906E-02 -1.98519E+00 -8.42615E+01
 -1.54413E+03 -1.50839E+04 -8.83838E+04 -3.48677E+05 -1.01215E+06 -2.31817E+06
 -4.42230E+06 -7.32915E+06 -1.13559E+07 -1.64255E+07 -2.21454E+07 -2.81825E+07
 -3.42211E+07 -3.99837E+07 -4.52550E+07 -4.98787E+07 -5.37636E+07 -5.68549E+07
 -5.91325E+07 -6.05690E+07 -6.12316E+07 -6.11518E+07 -6.03980E+07 -5.88607E+07
 -5.69511E+07 -5.45952E+07 -5.19895E+07 -4.86271E+07 -4.54567E+07 -4.23923E+07
 -3.94510E+07 -3.59069E+07 -3.28849E+07 -3.01241E+07 -2.75291E+07 -2.51038E+07
 -2.28480E+07 -2.07590E+07 -1.88319E+07 -1.70601E+07 -1.54361E+07 -1.39516E+07
 -1.25979E+07 -1.13661E+07 -1.02473E+07 -9.23290E+06 -8.31453E+06 -7.48414E+06

 jn =   12
  0.00000E+00 -2.38419E-07 -2.38419E-07  0.00000E+00 -1.43051E-06 -4.76837E-07
  4.76837E-07  0.00000E+00 -2.42233E-04 -1.16323E-01 -1.34411E+01 -5.13927E+02
 -8.48850E+03 -7.51499E+04 -4.06479E+05 -1.50689E+06 -4.17228E+06 -9.21671E+06
 -1.70937E+07 -2.76958E+07 -4.22385E+07 -6.02759E+07 -8.03737E+07 -1.01377E+08
 -1.22214E+08 -1.41971E+08 -1.59948E+08 -1.75659E+08 -1.88821E+08 -1.99285E+08
 -2.07005E+08 -2.11968E+08 -2.14334E+08 -2.14245E+08 -2.11935E+08 -2.07312E+08
 -2.01296E+08 -1.93883E+08 -1.85588E+08 -1.74842E+08 -1.64650E+08 -1.54741E+08
 -1.45169E+08 -1.32465E+08 -1.22128E+08 -1.12556E+08 -1.03458E+08 -9.48607E+07
 -8.67770E+07 -7.92103E+07 -7.21562E+07 -6.56040E+07 -5.95390E+07 -5.39428E+07
 -4.87946E+07 -4.40717E+07 -3.97508E+07 -3.58071E+07 -3.22167E+07 -2.89548E+07

 jn =   13
  1.43051E-06  0.00000E+00 -1.90735E-06 -9.53674E-07  9.53674E-07  1.90735E-06
 -2.86102E-06  1.90735E-06 -1.39141E-03 -6.32804E-01 -6.68092E+01 -2.31948E+03
 -3.53317E+04 -2.92803E+05 -1.51144E+06 -5.42325E+06 -1.46777E+07 -3.18987E+07
 -5.84524E+07 -9.38334E+07 -1.42194E+08 -2.01856E+08 -2.68050E+08 -3.37000E+08
 -4.05242E+08 -4.69837E+08 -5.28553E+08 -5.79866E+08 -6.22883E+08 -6.57156E+08
 -6.82565E+08 -6.99171E+08 -7.07385E+08 -7.07719E+08 -7.00928E+08 -6.87396E+08
 -6.69029E+08 -6.46425E+08 -6.20913E+08 -5.87614E+08 -5.56053E+08 -5.25366E+08
 -4.95716E+08 -4.53956E+08 -4.20963E+08 -3.90253E+08 -3.60915E+08 -3.33040E+08
 -3.06676E+08 -2.81842E+08 -2.58534E+08 -2.36728E+08 -2.16388E+08 -1.97464E+08
 -1.79904E+08 -1.63646E+08 -1.48627E+08 -1.34783E+08 -1.22048E+08 -1.10356E+08

 jn =   14
 -3.81470E-06  3.81470E-06  3.81470E-06  0.00000E+00 -3.81470E-06  0.00000E+00
  3.81470E-06  0.00000E+00 -5.91278E-03 -2.59152E+00 -2.58135E+02 -8.49059E+03
 -1.24288E+05 -1.00016E+06 -5.06439E+06 -1.79437E+07 -4.81485E+07 -1.04021E+08
 -1.89798E+08 -3.03742E+08 -4.59299E+08 -6.50920E+08 -8.63197E+08 -1.08410E+09
 -1.30252E+09 -1.50917E+09 -1.69696E+09 -1.86111E+09 -1.99877E+09 -2.10858E+09
 -2.19016E+09 -2.24384E+09 -2.27080E+09 -2.27273E+09 -2.25204E+09 -2.21087E+09
 -2.15387E+09 -2.08380E+09 -2.00443E+09 -1.90045E+09 -1.80202E+09 -1.70641E+09
 -1.61413E+09 -1.48081E+09 -1.37690E+09 -1.28008E+09 -1.18749E+09 -1.09941E+09
 -1.01600E+09 -9.37309E+08 -8.63337E+08 -7.94007E+08 -7.29202E+08 -6.68774E+08
 -6.12549E+08 -5.60340E+08 -5.11951E+08 -4.67173E+08 -4.25807E+08 -3.87651E+08

 jn =   15
 -3.81470E-06  0.00000E+00  1.52588E-05  0.00000E+00 -1.52588E-05 -1.52588E-05
  1.52588E-05 -1.52588E-05 -2.10114E-02 -9.05147E+00 -8.78487E+02 -2.82727E+04
 -4.07609E+05 -3.24564E+06 -1.63242E+07 -5.75830E+07 -1.54043E+08 -3.32149E+08
 -6.05218E+08 -9.67522E+08 -1.46209E+09 -2.07114E+09 -2.74539E+09 -3.44679E+09
 -4.14067E+09 -4.79679E+09 -5.39334E+09 -5.91455E+09 -6.35178E+09 -6.70040E+09
 -6.95961E+09 -7.13052E+09 -7.21676E+09 -7.22375E+09 -7.15913E+09 -7.03073E+09
 -6.85171E+09 -6.63171E+09 -6.38224E+09 -6.05500E+09 -5.74545E+09 -5.44489E+09
 -5.15497E+09 -4.73231E+09 -4.40452E+09 -4.09908E+09 -3.80692E+09 -3.52893E+09
 -3.26561E+09 -3.01718E+09 -2.78357E+09 -2.56458E+09 -2.35982E+09 -2.16882E+09
 -1.99104E+09 -1.82589E+09 -1.67273E+09 -1.53092E+09 -1.39982E+09 -1.27877E+09

 H2->H0 Rate(jt,jn) (cm**3 s**-1)
 jn =   1
  2.91154E+31  4.18504E+20  3.37254E+12  4.31388E+06  3.03686E+02  4.87122E-01
  9.47065E-03  1.34303E-02  1.02276E-01  5.56383E-01  2.12937E+00  5.50560E+00
  1.01760E+01  1.52005E+01  2.09997E+01  3.07770E+01  5.08350E+01  8.87196E+01
  1.50563E+02  2.38888E+02  3.51735E+02  4.82045E+02  6.19559E+02  7.54324E+02
  8.78279E+02  9.86828E+02  1.07871E+03  1.15496E+03  1.21784E+03  1.26972E+03
  1.31237E+03  1.34680E+03  1.37319E+03  1.39171E+03  1.40310E+03  1.40938E+03
  1.41397E+03  1.42174E+03  1.43862E+03  1.47111E+03  1.52556E+03  1.60707E+03
  1.71801E+03  1.85657E+03  2.01567E+03  2.18298E+03  2.34241E+03  2.47711E+03
  2.57316E+03  2.62286E+03  2.62629E+03  2.59073E+03  2.52829E+03  2.45268E+03
  2.37674E+03  2.31176E+03  2.27076E+03  2.28320E+03  2.46401E+03  3.46303E+03

 jn =   2
  9.20711E+31  1.32343E+21  1.06649E+13  1.36417E+07  9.60338E+02  1.54041E+00
  2.99488E-02  4.24703E-02  3.23425E-01  1.75944E+00  6.73366E+00  1.74102E+01
  3.21793E+01  4.80683E+01  6.64068E+01  9.73255E+01  1.60754E+02  2.80556E+02
  4.76122E+02  7.55430E+02  1.11228E+03  1.52436E+03  1.95922E+03  2.38538E+03
  2.77736E+03  3.12062E+03  3.41117E+03  3.65231E+03  3.85114E+03  4.01520E+03
  4.15007E+03  4.25896E+03  4.34240E+03  4.40099E+03  4.43699E+03  4.45685E+03
  4.47138E+03  4.49594E+03  4.54931E+03  4.65204E+03  4.82426E+03  5.08200E+03
  5.43283E+03  5.87098E+03  6.37411E+03  6.90320E+03  7.40736E+03  7.83330E+03
  8.13703E+03  8.29420E+03  8.30505E+03  8.19262E+03  7.99514E+03  7.75606E+03
  7.51593E+03  7.31043E+03  7.18078E+03  7.22010E+03  7.79187E+03  1.09511E+04

 jn =   3
  2.91154E+32  4.18504E+21  3.37254E+13  4.31388E+07  3.03686E+03  4.87122E+00
  9.47065E-02  1.34303E-01  1.02276E+00  5.56383E+00  2.12937E+01  5.50560E+01
  1.01760E+02  1.52005E+02  2.09997E+02  3.07770E+02  5.08350E+02  8.87196E+02
  1.50563E+03  2.38888E+03  3.51735E+03  4.82045E+03  6.19559E+03  7.54324E+03
  8.78279E+03  9.86828E+03  1.07871E+04  1.15496E+04  1.21784E+04  1.26972E+04
  1.31237E+04  1.34680E+04  1.37319E+04  1.39171E+04  1.40310E+04  1.40938E+04
  1.41397E+04  1.42174E+04  1.43862E+04  1.47111E+04  1.52556E+04  1.60707E+04
  1.71801E+04  1.85657E+04  2.01567E+04  2.18298E+04  2.34241E+04  2.47711E+04
  2.57316E+04  2.62286E+04  2.62629E+04  2.59073E+04  2.52829E+04  2.45268E+04
  2.37674E+04  2.31176E+04  2.27076E+04  2.28320E+04  2.46401E+04  3.46303E+04

 jn =   4
  9.20711E+32  1.32343E+22  1.06649E+14  1.36417E+08  9.60338E+03  1.54041E+01
  2.99488E-01  4.24703E-01  3.23425E+00  1.75944E+01  6.73366E+01  1.74102E+02
  3.21793E+02  4.80683E+02  6.64068E+02  9.73255E+02  1.60754E+03  2.80556E+03
  4.76122E+03  7.55430E+03  1.11228E+04  1.52436E+04  1.95922E+04  2.38538E+04
  2.77736E+04  3.12062E+04  3.41117E+04  3.65231E+04  3.85114E+04  4.01520E+04
  4.15007E+04  4.25896E+04  4.34240E+04  4.40099E+04  4.43699E+04  4.45685E+04
  4.47138E+04  4.49594E+04  4.54931E+04  4.65204E+04  4.82426E+04  5.08200E+04
  5.43283E+04  5.87098E+04  6.37411E+04  6.90320E+04  7.40736E+04  7.83330E+04
  8.13703E+04  8.29420E+04  8.30505E+04  8.19262E+04  7.99514E+04  7.75606E+04
  7.51593E+04  7.31043E+04  7.18078E+04  7.22010E+04  7.79187E+04  1.09511E+05

 jn =   5
  2.91154E+33  4.18504E+22  3.37254E+14  4.31388E+08  3.03686E+04  4.87122E+01
  9.47065E-01  1.34303E+00  1.02276E+01  5.56383E+01  2.12937E+02  5.50560E+02
  1.01760E+03  1.52005E+03  2.09997E+03  3.07770E+03  5.08350E+03  8.87196E+03
  1.50563E+04  2.38888E+04  3.51735E+04  4.82045E+04  6.19559E+04  7.54324E+04
  8.78279E+04  9.86828E+04  1.07871E+05  1.15496E+05  1.21784E+05  1.26972E+05
  1.31237E+05  1.34680E+05  1.37319E+05  1.39171E+05  1.40310E+05  1.40938E+05
  1.41397E+05  1.42174E+05  1.43862E+05  1.47111E+05  1.52556E+05  1.60707E+05
  1.71801E+05  1.85657E+05  2.01567E+05  2.18298E+05  2.34241E+05  2.47711E+05
  2.57316E+05  2.62286E+05  2.62629E+05  2.59073E+05  2.52829E+05  2.45268E+05
  2.37674E+05  2.31176E+05  2.27076E+05  2.28320E+05  2.46401E+05  3.46303E+05

 jn =   6
  9.20711E+33  1.32343E+23  1.06649E+15  1.36417E+09  9.60338E+04  1.54041E+02
  2.99488E+00  4.24703E+00  3.23425E+01  1.75944E+02  6.73366E+02  1.74102E+03
  3.21793E+03  4.80683E+03  6.64068E+03  9.73255E+03  1.60754E+04  2.80556E+04
  4.76122E+04  7.55430E+04  1.11228E+05  1.52436E+05  1.95922E+05  2.38538E+05
  2.77736E+05  3.12062E+05  3.41117E+05  3.65231E+05  3.85114E+05  4.01520E+05
  4.15007E+05  4.25896E+05  4.34240E+05  4.40099E+05  4.43699E+05  4.45685E+05
  4.47138E+05  4.49594E+05  4.54931E+05  4.65204E+05  4.82426E+05  5.08200E+05
  5.43283E+05  5.87098E+05  6.37411E+05  6.90320E+05  7.40736E+05  7.83330E+05
  8.13703E+05  8.29420E+05  8.30505E+05  8.19262E+05  7.99514E+05  7.75606E+05
  7.51593E+05  7.31043E+05  7.18078E+05  7.22010E+05  7.79187E+05  1.09511E+06

 jn =   7
  2.91154E+34  4.18504E+23  3.37254E+15  4.31388E+09  3.03686E+05  4.87122E+02
  9.47065E+00  1.34303E+01  1.02276E+02  5.56383E+02  2.12937E+03  5.50560E+03
  1.01760E+04  1.52005E+04  2.09997E+04  3.07770E+04  5.08350E+04  8.87196E+04
  1.50563E+05  2.38888E+05  3.51735E+05  4.82045E+05  6.19559E+05  7.54324E+05
  8.78279E+05  9.86828E+05  1.07871E+06  1.15496E+06  1.21784E+06  1.26972E+06
  1.31237E+06  1.34680E+06  1.37319E+06  1.39171E+06  1.40310E+06  1.40938E+06
  1.41397E+06  1.42174E+06  1.43862E+06  1.47111E+06  1.52556E+06  1.60707E+06
  1.71801E+06  1.85657E+06  2.01567E+06  2.18298E+06  2.34241E+06  2.47711E+06
  2.57316E+06  2.62286E+06  2.62629E+06  2.59073E+06  2.52829E+06  2.45268E+06
  2.37674E+06  2.31176E+06  2.27076E+06  2.28320E+06  2.46401E+06  3.46303E+06

 jn =   8
  9.20711E+34  1.32343E+24  1.06649E+16  1.36417E+10  9.60338E+05  1.54041E+03
  2.99488E+01  4.24703E+01  3.23425E+02  1.75944E+03  6.73366E+03  1.74102E+04
  3.21793E+04  4.80683E+04  6.64068E+04  9.73255E+04  1.60754E+05  2.80556E+05
  4.76122E+05  7.55430E+05  1.11228E+06  1.52436E+06  1.95922E+06  2.38538E+06
  2.77736E+06  3.12062E+06  3.41117E+06  3.65231E+06  3.85114E+06  4.01520E+06
  4.15007E+06  4.25896E+06  4.34240E+06  4.40099E+06  4.43699E+06  4.45685E+06
  4.47138E+06  4.49594E+06  4.54931E+06  4.65204E+06  4.82426E+06  5.08200E+06
  5.43283E+06  5.87098E+06  6.37411E+06  6.90320E+06  7.40736E+06  7.83330E+06
  8.13703E+06  8.29420E+06  8.30505E+06  8.19262E+06  7.99514E+06  7.75606E+06
  7.51593E+06  7.31043E+06  7.18078E+06  7.22010E+06  7.79187E+06  1.09511E+07

 jn =   9
  2.91154E+35  4.18504E+24  3.37254E+16  4.31388E+10  3.03686E+06  4.87122E+03
  9.47065E+01  1.34303E+02  1.02276E+03  5.56383E+03  2.12937E+04  5.50560E+04
  1.01760E+05  1.52005E+05  2.09997E+05  3.07770E+05  5.08350E+05  8.87196E+05
  1.50563E+06  2.38888E+06  3.51735E+06  4.82045E+06  6.19559E+06  7.54324E+06
  8.78279E+06  9.86828E+06  1.07871E+07  1.15496E+07  1.21784E+07  1.26972E+07
  1.31237E+07  1.34680E+07  1.37319E+07  1.39171E+07  1.40310E+07  1.40938E+07
  1.41397E+07  1.42174E+07  1.43862E+07  1.47111E+07  1.52556E+07  1.60707E+07
  1.71801E+07  1.85657E+07  2.01567E+07  2.18298E+07  2.34241E+07  2.47711E+07
  2.57316E+07  2.62286E+07  2.62629E+07  2.59073E+07  2.52829E+07  2.45268E+07
  2.37674E+07  2.31176E+07  2.27076E+07  2.28320E+07  2.46401E+07  3.46303E+07

 jn =   10
  9.20711E+35  1.32343E+25  1.06649E+17  1.36417E+11  9.60338E+06  1.54041E+04
  2.99488E+02  4.24703E+02  3.23425E+03  1.75944E+04  6.73366E+04  1.74102E+05
  3.21793E+05  4.80683E+05  6.64068E+05  9.73255E+05  1.60754E+06  2.80556E+06
  4.76122E+06  7.55430E+06  1.11228E+07  1.52436E+07  1.95922E+07  2.38538E+07
  2.77736E+07  3.12062E+07  3.41117E+07  3.65231E+07  3.85114E+07  4.01520E+07
  4.15007E+07  4.25896E+07  4.34240E+07  4.40099E+07  4.43699E+07  4.45685E+07
  4.47138E+07  4.49594E+07  4.54931E+07  4.65204E+07  4.82426E+07  5.08200E+07
  5.43283E+07  5.87098E+07  6.37411E+07  6.90320E+07  7.40736E+07  7.83330E+07
  8.13703E+07  8.29420E+07  8.30505E+07  8.19262E+07  7.99514E+07  7.75606E+07
  7.51593E+07  7.31043E+07  7.18078E+07  7.22010E+07  7.79187E+07  1.09511E+08

 jn =   11
  2.91154E+36  4.18504E+25  3.37254E+17  4.31388E+11  3.03686E+07  4.87122E+04
  9.47065E+02  1.34303E+03  1.02276E+04  5.56383E+04  2.12937E+05  5.50560E+05
  1.01760E+06  1.52005E+06  2.09997E+06  3.07770E+06  5.08350E+06  8.87196E+06
  1.50563E+07  2.38888E+07  3.51735E+07  4.82045E+07  6.19559E+07  7.54324E+07
  8.78279E+07  9.86828E+07  1.07871E+08  1.15496E+08  1.21784E+08  1.26972E+08
  1.31237E+08  1.34680E+08  1.37319E+08  1.39171E+08  1.40310E+08  1.40938E+08
  1.41397E+08  1.42174E+08  1.43862E+08  1.47111E+08  1.52556E+08  1.60707E+08
  1.71801E+08  1.85657E+08  2.01567E+08  2.18298E+08  2.34241E+08  2.47711E+08
  2.57316E+08  2.62286E+08  2.62629E+08  2.59073E+08  2.52829E+08  2.45268E+08
  2.37674E+08  2.31176E+08  2.27076E+08  2.28320E+08  2.46401E+08  3.46303E+08

 jn =   12
  9.20711E+36  1.32343E+26  1.06649E+18  1.36417E+12  9.60338E+07  1.54041E+05
  2.99488E+03  4.24703E+03  3.23425E+04  1.75944E+05  6.73366E+05  1.74102E+06
  3.21793E+06  4.80683E+06  6.64068E+06  9.73255E+06  1.60754E+07  2.80556E+07
  4.76122E+07  7.55430E+07  1.11228E+08  1.52436E+08  1.95922E+08  2.38538E+08
  2.77736E+08  3.12062E+08  3.41117E+08  3.65231E+08  3.85114E+08  4.01520E+08
  4.15007E+08  4.25896E+08  4.34240E+08  4.40099E+08  4.43699E+08  4.45685E+08
  4.47138E+08  4.49594E+08  4.54931E+08  4.65204E+08  4.82426E+08  5.08200E+08
  5.43283E+08  5.87098E+08  6.37411E+08  6.90320E+08  7.40736E+08  7.83330E+08
  8.13703E+08  8.29420E+08  8.30505E+08  8.19262E+08  7.99514E+08  7.75606E+08
  7.51593E+08  7.31043E+08  7.18078E+08  7.22010E+08  7.79187E+08  1.09511E+09

 jn =   13
  2.91154E+37  4.18504E+26  3.37254E+18  4.31388E+12  3.03686E+08  4.87122E+05
  9.47065E+03  1.34303E+04  1.02276E+05  5.56383E+05  2.12937E+06  5.50560E+06
  1.01760E+07  1.52005E+07  2.09997E+07  3.07770E+07  5.08350E+07  8.87196E+07
  1.50563E+08  2.38888E+08  3.51735E+08  4.82045E+08  6.19559E+08  7.54324E+08
  8.78279E+08  9.86828E+08  1.07871E+09  1.15496E+09  1.21784E+09  1.26972E+09
  1.31237E+09  1.34680E+09  1.37319E+09  1.39171E+09  1.40310E+09  1.40938E+09
  1.41397E+09  1.42174E+09  1.43862E+09  1.47111E+09  1.52556E+09  1.60707E+09
  1.71801E+09  1.85657E+09  2.01567E+09  2.18298E+09  2.34241E+09  2.47711E+09
  2.57316E+09  2.62286E+09  2.62629E+09  2.59073E+09  2.52829E+09  2.45268E+09
  2.37674E+09  2.31176E+09  2.27076E+09  2.28320E+09  2.46401E+09  3.46303E+09

 jn =   14
  9.20711E+37  1.32343E+27  1.06649E+19  1.36417E+13  9.60338E+08  1.54041E+06
  2.99488E+04  4.24703E+04  3.23425E+05  1.75944E+06  6.73366E+06  1.74102E+07
  3.21793E+07  4.80683E+07  6.64068E+07  9.73255E+07  1.60754E+08  2.80556E+08
  4.76122E+08  7.55430E+08  1.11228E+09  1.52436E+09  1.95922E+09  2.38538E+09
  2.77736E+09  3.12062E+09  3.41117E+09  3.65231E+09  3.85114E+09  4.01520E+09
  4.15007E+09  4.25896E+09  4.34240E+09  4.40099E+09  4.43699E+09  4.45685E+09
  4.47138E+09  4.49594E+09  4.54931E+09  4.65204E+09  4.82426E+09  5.08200E+09
  5.43283E+09  5.87098E+09  6.37411E+09  6.90320E+09  7.40736E+09  7.83330E+09
  8.13703E+09  8.29420E+09  8.30505E+09  8.19262E+09  7.99514E+09  7.75606E+09
  7.51593E+09  7.31043E+09  7.18078E+09  7.22010E+09  7.79187E+09  1.09511E+10

 jn =   15
  2.91154E+38  4.18504E+27  3.37254E+19  4.31388E+13  3.03686E+09  4.87122E+06
  9.47065E+04  1.34303E+05  1.02276E+06  5.56383E+06  2.12937E+07  5.50560E+07
  1.01760E+08  1.52005E+08  2.09997E+08  3.07770E+08  5.08350E+08  8.87196E+08
  1.50563E+09  2.38888E+09  3.51735E+09  4.82045E+09  6.19559E+09  7.54324E+09
  8.78279E+09  9.86828E+09  1.07871E+10  1.15496E+10  1.21784E+10  1.26972E+10
  1.31237E+10  1.34680E+10  1.37319E+10  1.39171E+10  1.40310E+10  1.40938E+10
  1.41397E+10  1.42174E+10  1.43862E+10  1.47111E+10  1.52556E+10  1.60707E+10
  1.71801E+10  1.85657E+10  2.01567E+10  2.18298E+10  2.34241E+10  2.47711E+10
  2.57316E+10  2.62286E+10  2.62629E+10  2.59073E+10  2.52829E+10  2.45268E+10
  2.37674E+10  2.31176E+10  2.27076E+10  2.28320E+10  2.46401E+10  3.46303E+10

 H2 depl. Rate(jt,jn) (cm**3 s**-1)
 jn =   1
 -1.02877E+31 -1.47887E+20 -1.19165E+12 -1.52387E+06 -1.07237E+02 -1.71946E-01
 -3.32567E-03 -4.50827E-03 -3.43308E-02 -1.87860E-01 -7.27332E-01 -1.92609E+00
 -3.70525E+00 -5.84782E+00 -8.66299E+00 -1.37205E+01 -2.41252E+01 -4.37085E+01
 -7.59032E+01 -1.22819E+02 -1.84747E+02 -2.59573E+02 -3.43297E+02 -4.31413E+02
 -5.19493E+02 -6.04024E+02 -6.82557E+02 -7.53503E+02 -8.15863E+02 -8.68987E+02
 -9.12411E+02 -9.45926E+02 -9.69535E+02 -9.83738E+02 -9.89559E+02 -9.88747E+02
 -9.83730E+02 -9.77635E+02 -9.74134E+02 -9.77190E+02 -9.90681E+02 -1.01779E+03
 -1.06027E+03 -1.11767E+03 -1.18686E+03 -1.26202E+03 -1.33543E+03 -1.39902E+03
 -1.44622E+03 -1.47354E+03 -1.48132E+03 -1.47336E+03 -1.45554E+03 -1.43423E+03
 -1.41498E+03 -1.40242E+03 -1.40224E+03 -1.42878E+03 -1.53966E+03 -2.06194E+03

 jn =   2
 -3.25326E+31 -4.67660E+20 -3.76832E+12 -4.81890E+06 -3.39113E+02 -5.43741E-01
 -1.05167E-02 -1.42564E-02 -1.08563E-01 -5.94067E-01 -2.30003E+00 -6.09084E+00
 -1.17170E+01 -1.84924E+01 -2.73948E+01 -4.33881E+01 -7.62905E+01 -1.38219E+02
 -2.40027E+02 -3.88387E+02 -5.84223E+02 -8.20841E+02 -1.08560E+03 -1.36425E+03
 -1.64278E+03 -1.91009E+03 -2.15844E+03 -2.38278E+03 -2.57999E+03 -2.74798E+03
 -2.88530E+03 -2.99128E+03 -3.06594E+03 -3.11085E+03 -3.12926E+03 -3.12669E+03
 -3.11083E+03 -3.09155E+03 -3.08048E+03 -3.09015E+03 -3.13281E+03 -3.21853E+03
 -3.35286E+03 -3.53439E+03 -3.75319E+03 -3.99085E+03 -4.22299E+03 -4.42409E+03
 -4.57334E+03 -4.65973E+03 -4.68435E+03 -4.65917E+03 -4.60283E+03 -4.53544E+03
 -4.47456E+03 -4.43484E+03 -4.43427E+03 -4.51819E+03 -4.86882E+03 -6.52043E+03

 jn =   3
 -1.02877E+32 -1.47887E+21 -1.19165E+13 -1.52387E+07 -1.07237E+03 -1.71946E+00
 -3.32567E-02 -4.50827E-02 -3.43308E-01 -1.87860E+00 -7.27332E+00 -1.92609E+01
 -3.70525E+01 -5.84782E+01 -8.66299E+01 -1.37205E+02 -2.41252E+02 -4.37085E+02
 -7.59032E+02 -1.22819E+03 -1.84747E+03 -2.59573E+03 -3.43297E+03 -4.31413E+03
 -5.19493E+03 -6.04024E+03 -6.82557E+03 -7.53503E+03 -8.15863E+03 -8.68987E+03
 -9.12411E+03 -9.45926E+03 -9.69535E+03 -9.83738E+03 -9.89559E+03 -9.88747E+03
 -9.83730E+03 -9.77635E+03 -9.74134E+03 -9.77190E+03 -9.90681E+03 -1.01779E+04
 -1.06027E+04 -1.11767E+04 -1.18686E+04 -1.26202E+04 -1.33543E+04 -1.39902E+04
 -1.44622E+04 -1.47354E+04 -1.48132E+04 -1.47336E+04 -1.45554E+04 -1.43423E+04
 -1.41498E+04 -1.40242E+04 -1.40224E+04 -1.42878E+04 -1.53966E+04 -2.06194E+04

 jn =   4
 -3.25326E+32 -4.67660E+21 -3.76832E+13 -4.81890E+07 -3.39113E+03 -5.43741E+00
 -1.05167E-01 -1.42564E-01 -1.08563E+00 -5.94067E+00 -2.30003E+01 -6.09084E+01
 -1.17170E+02 -1.84924E+02 -2.73948E+02 -4.33881E+02 -7.62905E+02 -1.38219E+03
 -2.40027E+03 -3.88387E+03 -5.84223E+03 -8.20841E+03 -1.08560E+04 -1.36425E+04
 -1.64278E+04 -1.91009E+04 -2.15844E+04 -2.38278E+04 -2.57999E+04 -2.74798E+04
 -2.88530E+04 -2.99128E+04 -3.06594E+04 -3.11085E+04 -3.12926E+04 -3.12669E+04
 -3.11083E+04 -3.09155E+04 -3.08048E+04 -3.09015E+04 -3.13281E+04 -3.21853E+04
 -3.35286E+04 -3.53439E+04 -3.75319E+04 -3.99085E+04 -4.22299E+04 -4.42409E+04
 -4.57334E+04 -4.65973E+04 -4.68435E+04 -4.65917E+04 -4.60283E+04 -4.53544E+04
 -4.47456E+04 -4.43484E+04 -4.43427E+04 -4.51819E+04 -4.86882E+04 -6.52043E+04

 jn =   5
 -1.02877E+33 -1.47887E+22 -1.19165E+14 -1.52387E+08 -1.07237E+04 -1.71946E+01
 -3.32567E-01 -4.50827E-01 -3.43308E+00 -1.87860E+01 -7.27332E+01 -1.92609E+02
 -3.70525E+02 -5.84782E+02 -8.66299E+02 -1.37205E+03 -2.41252E+03 -4.37085E+03
 -7.59032E+03 -1.22819E+04 -1.84747E+04 -2.59573E+04 -3.43297E+04 -4.31413E+04
 -5.19493E+04 -6.04024E+04 -6.82557E+04 -7.53503E+04 -8.15863E+04 -8.68987E+04
 -9.12411E+04 -9.45926E+04 -9.69535E+04 -9.83738E+04 -9.89559E+04 -9.88747E+04
 -9.83730E+04 -9.77635E+04 -9.74134E+04 -9.77190E+04 -9.90681E+04 -1.01779E+05
 -1.06027E+05 -1.11767E+05 -1.18686E+05 -1.26202E+05 -1.33543E+05 -1.39902E+05
 -1.44622E+05 -1.47354E+05 -1.48132E+05 -1.47336E+05 -1.45554E+05 -1.43423E+05
 -1.41498E+05 -1.40242E+05 -1.40224E+05 -1.42878E+05 -1.53966E+05 -2.06194E+05

 jn =   6
 -3.25326E+33 -4.67660E+22 -3.76832E+14 -4.81890E+08 -3.39113E+04 -5.43741E+01
 -1.05167E+00 -1.42564E+00 -1.08563E+01 -5.94067E+01 -2.30003E+02 -6.09084E+02
 -1.17170E+03 -1.84924E+03 -2.73948E+03 -4.33881E+03 -7.62905E+03 -1.38219E+04
 -2.40027E+04 -3.88387E+04 -5.84223E+04 -8.20841E+04 -1.08560E+05 -1.36425E+05
 -1.64278E+05 -1.91009E+05 -2.15844E+05 -2.38278E+05 -2.57999E+05 -2.74798E+05
 -2.88530E+05 -2.99128E+05 -3.06594E+05 -3.11085E+05 -3.12926E+05 -3.12669E+05
 -3.11083E+05 -3.09155E+05 -3.08048E+05 -3.09015E+05 -3.13281E+05 -3.21853E+05
 -3.35286E+05 -3.53439E+05 -3.75319E+05 -3.99085E+05 -4.22299E+05 -4.42409E+05
 -4.57334E+05 -4.65973E+05 -4.68435E+05 -4.65917E+05 -4.60283E+05 -4.53544E+05
 -4.47456E+05 -4.43484E+05 -4.43427E+05 -4.51819E+05 -4.86882E+05 -6.52043E+05

 jn =   7
 -1.02877E+34 -1.47887E+23 -1.19165E+15 -1.52387E+09 -1.07237E+05 -1.71946E+02
 -3.32567E+00 -4.50827E+00 -3.43308E+01 -1.87860E+02 -7.27332E+02 -1.92609E+03
 -3.70525E+03 -5.84782E+03 -8.66299E+03 -1.37205E+04 -2.41252E+04 -4.37085E+04
 -7.59032E+04 -1.22819E+05 -1.84747E+05 -2.59573E+05 -3.43297E+05 -4.31413E+05
 -5.19493E+05 -6.04024E+05 -6.82557E+05 -7.53503E+05 -8.15863E+05 -8.68987E+05
 -9.12411E+05 -9.45926E+05 -9.69535E+05 -9.83738E+05 -9.89559E+05 -9.88747E+05
 -9.83730E+05 -9.77635E+05 -9.74134E+05 -9.77190E+05 -9.90681E+05 -1.01779E+06
 -1.06027E+06 -1.11767E+06 -1.18686E+06 -1.26202E+06 -1.33543E+06 -1.39902E+06
 -1.44622E+06 -1.47354E+06 -1.48132E+06 -1.47336E+06 -1.45554E+06 -1.43423E+06
 -1.41498E+06 -1.40242E+06 -1.40224E+06 -1.42878E+06 -1.53966E+06 -2.06194E+06

 jn =   8
 -3.25326E+34 -4.67660E+23 -3.76832E+15 -4.81890E+09 -3.39113E+05 -5.43741E+02
 -1.05167E+01 -1.42564E+01 -1.08563E+02 -5.94067E+02 -2.30003E+03 -6.09084E+03
 -1.17170E+04 -1.84924E+04 -2.73948E+04 -4.33881E+04 -7.62905E+04 -1.38219E+05
 -2.40027E+05 -3.88387E+05 -5.84223E+05 -8.20841E+05 -1.08560E+06 -1.36425E+06
 -1.64278E+06 -1.91009E+06 -2.15844E+06 -2.38278E+06 -2.57999E+06 -2.74798E+06
 -2.88530E+06 -2.99128E+06 -3.06594E+06 -3.11085E+06 -3.12926E+06 -3.12669E+06
 -3.11083E+06 -3.09155E+06 -3.08048E+06 -3.09015E+06 -3.13281E+06 -3.21853E+06
 -3.35286E+06 -3.53439E+06 -3.75319E+06 -3.99085E+06 -4.22299E+06 -4.42409E+06
 -4.57334E+06 -4.65973E+06 -4.68435E+06 -4.65917E+06 -4.60283E+06 -4.53544E+06
 -4.47456E+06 -4.43484E+06 -4.43427E+06 -4.51819E+06 -4.86882E+06 -6.52043E+06

 jn =   9
 -1.02877E+35 -1.47887E+24 -1.19165E+16 -1.52387E+10 -1.07237E+06 -1.71946E+03
 -3.32567E+01 -4.50827E+01 -3.43308E+02 -1.87860E+03 -7.27332E+03 -1.92609E+04
 -3.70525E+04 -5.84782E+04 -8.66299E+04 -1.37205E+05 -2.41252E+05 -4.37085E+05
 -7.59032E+05 -1.22819E+06 -1.84747E+06 -2.59573E+06 -3.43297E+06 -4.31413E+06
 -5.19493E+06 -6.04024E+06 -6.82557E+06 -7.53503E+06 -8.15863E+06 -8.68987E+06
 -9.12411E+06 -9.45926E+06 -9.69535E+06 -9.83738E+06 -9.89559E+06 -9.88747E+06
 -9.83730E+06 -9.77635E+06 -9.74134E+06 -9.77190E+06 -9.90681E+06 -1.01779E+07
 -1.06027E+07 -1.11767E+07 -1.18686E+07 -1.26202E+07 -1.33543E+07 -1.39902E+07
 -1.44622E+07 -1.47354E+07 -1.48132E+07 -1.47336E+07 -1.45554E+07 -1.43423E+07
 -1.41498E+07 -1.40242E+07 -1.40224E+07 -1.42878E+07 -1.53966E+07 -2.06194E+07

 jn =   10
 -3.25326E+35 -4.67660E+24 -3.76832E+16 -4.81890E+10 -3.39113E+06 -5.43741E+03
 -1.05167E+02 -1.42564E+02 -1.08563E+03 -5.94067E+03 -2.30003E+04 -6.09084E+04
 -1.17170E+05 -1.84924E+05 -2.73948E+05 -4.33881E+05 -7.62905E+05 -1.38219E+06
 -2.40027E+06 -3.88387E+06 -5.84223E+06 -8.20841E+06 -1.08560E+07 -1.36425E+07
 -1.64278E+07 -1.91009E+07 -2.15844E+07 -2.38278E+07 -2.57999E+07 -2.74798E+07
 -2.88530E+07 -2.99128E+07 -3.06594E+07 -3.11085E+07 -3.12926E+07 -3.12669E+07
 -3.11083E+07 -3.09155E+07 -3.08048E+07 -3.09015E+07 -3.13281E+07 -3.21853E+07
 -3.35286E+07 -3.53439E+07 -3.75319E+07 -3.99085E+07 -4.22299E+07 -4.42409E+07
 -4.57334E+07 -4.65973E+07 -4.68435E+07 -4.65917E+07 -4.60283E+07 -4.53544E+07
 -4.47456E+07 -4.43484E+07 -4.43427E+07 -4.51819E+07 -4.86882E+07 -6.52043E+07

 jn =   11
 -1.02877E+36 -1.47887E+25 -1.19165E+17 -1.52387E+11 -1.07237E+07 -1.71946E+04
 -3.32567E+02 -4.50827E+02 -3.43308E+03 -1.87860E+04 -7.27332E+04 -1.92609E+05
 -3.70525E+05 -5.84782E+05 -8.66299E+05 -1.37205E+06 -2.41252E+06 -4.37085E+06
 -7.59032E+06 -1.22819E+07 -1.84747E+07 -2.59573E+07 -3.43297E+07 -4.31413E+07
 -5.19493E+07 -6.04024E+07 -6.82557E+07 -7.53503E+07 -8.15863E+07 -8.68987E+07
 -9.12411E+07 -9.45926E+07 -9.69535E+07 -9.83738E+07 -9.89559E+07 -9.88747E+07
 -9.83730E+07 -9.77635E+07 -9.74134E+07 -9.77190E+07 -9.90681E+07 -1.01779E+08
 -1.06027E+08 -1.11767E+08 -1.18686E+08 -1.26202E+08 -1.33543E+08 -1.39902E+08
 -1.44622E+08 -1.47354E+08 -1.48132E+08 -1.47336E+08 -1.45554E+08 -1.43423E+08
 -1.41498E+08 -1.40242E+08 -1.40224E+08 -1.42878E+08 -1.53966E+08 -2.06194E+08

 jn =   12
 -3.25326E+36 -4.67660E+25 -3.76832E+17 -4.81890E+11 -3.39113E+07 -5.43741E+04
 -1.05167E+03 -1.42564E+03 -1.08563E+04 -5.94067E+04 -2.30003E+05 -6.09084E+05
 -1.17170E+06 -1.84924E+06 -2.73948E+06 -4.33881E+06 -7.62905E+06 -1.38219E+07
 -2.40027E+07 -3.88387E+07 -5.84223E+07 -8.20841E+07 -1.08560E+08 -1.36425E+08
 -1.64278E+08 -1.91009E+08 -2.15844E+08 -2.38278E+08 -2.57999E+08 -2.74798E+08
 -2.88530E+08 -2.99128E+08 -3.06594E+08 -3.11085E+08 -3.12926E+08 -3.12669E+08
 -3.11083E+08 -3.09155E+08 -3.08048E+08 -3.09015E+08 -3.13281E+08 -3.21853E+08
 -3.35286E+08 -3.53439E+08 -3.75319E+08 -3.99085E+08 -4.22299E+08 -4.42409E+08
 -4.57334E+08 -4.65973E+08 -4.68435E+08 -4.65917E+08 -4.60283E+08 -4.53544E+08
 -4.47456E+08 -4.43484E+08 -4.43427E+08 -4.51819E+08 -4.86882E+08 -6.52043E+08

 jn =   13
 -1.02877E+37 -1.47887E+26 -1.19165E+18 -1.52387E+12 -1.07237E+08 -1.71946E+05
 -3.32567E+03 -4.50827E+03 -3.43308E+04 -1.87860E+05 -7.27332E+05 -1.92609E+06
 -3.70525E+06 -5.84782E+06 -8.66299E+06 -1.37205E+07 -2.41252E+07 -4.37085E+07
 -7.59032E+07 -1.22819E+08 -1.84747E+08 -2.59573E+08 -3.43297E+08 -4.31413E+08
 -5.19493E+08 -6.04024E+08 -6.82557E+08 -7.53503E+08 -8.15863E+08 -8.68987E+08
 -9.12411E+08 -9.45926E+08 -9.69535E+08 -9.83738E+08 -9.89559E+08 -9.88747E+08
 -9.83730E+08 -9.77635E+08 -9.74134E+08 -9.77190E+08 -9.90681E+08 -1.01779E+09
 -1.06027E+09 -1.11767E+09 -1.18686E+09 -1.26202E+09 -1.33543E+09 -1.39902E+09
 -1.44622E+09 -1.47354E+09 -1.48132E+09 -1.47336E+09 -1.45554E+09 -1.43423E+09
 -1.41498E+09 -1.40242E+09 -1.40224E+09 -1.42878E+09 -1.53966E+09 -2.06194E+09

 jn =   14
 -3.25326E+37 -4.67660E+26 -3.76832E+18 -4.81890E+12 -3.39113E+08 -5.43741E+05
 -1.05167E+04 -1.42564E+04 -1.08563E+05 -5.94067E+05 -2.30003E+06 -6.09084E+06
 -1.17170E+07 -1.84924E+07 -2.73948E+07 -4.33881E+07 -7.62905E+07 -1.38219E+08
 -2.40027E+08 -3.88387E+08 -5.84223E+08 -8.20841E+08 -1.08560E+09 -1.36425E+09
 -1.64278E+09 -1.91009E+09 -2.15844E+09 -2.38278E+09 -2.57999E+09 -2.74798E+09
 -2.88530E+09 -2.99128E+09 -3.06594E+09 -3.11085E+09 -3.12926E+09 -3.12669E+09
 -3.11083E+09 -3.09155E+09 -3.08048E+09 -3.09015E+09 -3.13281E+09 -3.21853E+09
 -3.35286E+09 -3.53439E+09 -3.75319E+09 -3.99085E+09 -4.22299E+09 -4.42409E+09
 -4.57334E+09 -4.65973E+09 -4.68435E+09 -4.65917E+09 -4.60283E+09 -4.53544E+09
 -4.47456E+09 -4.43484E+09 -4.43427E+09 -4.51819E+09 -4.86882E+09 -6.52043E+09

 jn =   15
 -1.02877E+38 -1.47887E+27 -1.19165E+19 -1.52387E+13 -1.07237E+09 -1.71946E+06
 -3.32567E+04 -4.50827E+04 -3.43308E+05 -1.87860E+06 -7.27332E+06 -1.92609E+07
 -3.70525E+07 -5.84782E+07 -8.66299E+07 -1.37205E+08 -2.41252E+08 -4.37085E+08
 -7.59032E+08 -1.22819E+09 -1.84747E+09 -2.59573E+09 -3.43297E+09 -4.31413E+09
 -5.19493E+09 -6.04024E+09 -6.82557E+09 -7.53503E+09 -8.15863E+09 -8.68987E+09
 -9.12411E+09 -9.45926E+09 -9.69535E+09 -9.83738E+09 -9.89559E+09 -9.88747E+09
 -9.83730E+09 -9.77635E+09 -9.74134E+09 -9.77190E+09 -9.90681E+09 -1.01779E+10
 -1.06027E+10 -1.11767E+10 -1.18686E+10 -1.26202E+10 -1.33543E+10 -1.39902E+10
 -1.44622E+10 -1.47354E+10 -1.48132E+10 -1.47336E+10 -1.45554E+10 -1.43423E+10
 -1.41498E+10 -1.40242E+10 -1.40224E+10 -1.42878E+10 -1.53966E+10 -2.06194E+10

 H2 creation Rate(jt,jn) (cm**3 s**-1)
 jn =   1
  0.00000E+00  0.00000E+00  0.00000E+00  0.00000E+00  0.00000E+00  0.00000E+00
  0.00000E+00  0.00000E+00  0.00000E+00  0.00000E+00  0.00000E+00  0.00000E+00
  0.00000E+00  0.00000E+00  0.00000E+00  0.00000E+00  0.00000E+00  0.00000E+00
  0.00000E+00  0.00000E+00  0.00000E+00  0.00000E+00  0.00000E+00  0.00000E+00
  0.00000E+00  0.00000E+00  0.00000E+00  0.00000E+00  0.00000E+00  0.00000E+00
  0.00000E+00  0.00000E+00  0.00000E+00  0.00000E+00  0.00000E+00  0.00000E+00
  0.00000E+00  0.00000E+00  0.00000E+00  0.00000E+00  0.00000E+00  0.00000E+00
  0.00000E+00  0.00000E+00  0.00000E+00  0.00000E+00  0.00000E+00  0.00000E+00
  0.00000E+00  0.00000E+00  0.00000E+00  0.00000E+00  0.00000E+00  0.00000E+00
  0.00000E+00  0.00000E+00  0.00000E+00  0.00000E+00  0.00000E+00  0.00000E+00

 jn =   2
  0.00000E+00  0.00000E+00  0.00000E+00  0.00000E+00  0.00000E+00  0.00000E+00
  0.00000E+00  0.00000E+00  0.00000E+00  0.00000E+00  0.00000E+00  0.00000E+00
  0.00000E+00  0.00000E+00  0.00000E+00  0.00000E+00  0.00000E+00  0.00000E+00
  0.00000E+00  0.00000E+00  0.00000E+00  0.00000E+00  0.00000E+00  0.00000E+00
  0.00000E+00  0.00000E+00  0.00000E+00  0.00000E+00  0.00000E+00  0.00000E+00
  0.00000E+00  0.00000E+00  0.00000E+00  0.00000E+00  0.00000E+00  0.00000E+00
  0.00000E+00  0.00000E+00  0.00000E+00  0.00000E+00  0.00000E+00  0.00000E+00
  0.00000E+00  0.00000E+00  0.00000E+00  0.00000E+00  0.00000E+00  0.00000E+00
  0.00000E+00  0.00000E+00  0.00000E+00  0.00000E+00  0.00000E+00  0.00000E+00
  0.00000E+00  0.00000E+00  0.00000E+00  0.00000E+00  0.00000E+00  0.00000E+00

 jn =   3
  0.00000E+00  0.00000E+00  0.00000E+00  0.00000E+00  0.00000E+00  0.00000E+00
  0.00000E+00  0.00000E+00  0.00000E+00  0.00000E+00  0.00000E+00  0.00000E+00
  0.00000E+00  0.00000E+00  0.00000E+00  0.00000E+00  0.00000E+00  0.00000E+00
  0.00000E+00  0.00000E+00  0.00000E+00  0.00000E+00  0.00000E+00  0.00000E+00
  0.00000E+00  0.00000E+00  0.00000E+00  0.00000E+00  0.00000E+00  0.00000E+00
  0.00000E+00  0.00000E+00  0.00000E+00  0.00000E+00  0.00000E+00  0.00000E+00
  0.00000E+00  0.00000E+00  0.00000E+00  0.00000E+00  0.00000E+00  0.00000E+00
  0.00000E+00  0.00000E+00  0.00000E+00  0.00000E+00  0.00000E+00  0.00000E+00
  0.00000E+00  0.00000E+00  0.00000E+00  0.00000E+00  0.00000E+00  0.00000E+00
  0.00000E+00  0.00000E+00  0.00000E+00  0.00000E+00  0.00000E+00  0.00000E+00

 jn =   4
  0.00000E+00  0.00000E+00  0.00000E+00  0.00000E+00  0.00000E+00  0.00000E+00
  0.00000E+00  0.00000E+00  0.00000E+00  0.00000E+00  0.00000E+00  0.00000E+00
  0.00000E+00  0.00000E+00  0.00000E+00  0.00000E+00  0.00000E+00  0.00000E+00
  0.00000E+00  0.00000E+00  0.00000E+00  0.00000E+00  0.00000E+00  0.00000E+00
  0.00000E+00  0.00000E+00  0.00000E+00  0.00000E+00  0.00000E+00  0.00000E+00
  0.00000E+00  0.00000E+00  0.00000E+00  0.00000E+00  0.00000E+00  0.00000E+00
  0.00000E+00  0.00000E+00  0.00000E+00  0.00000E+00  0.00000E+00  0.00000E+00
  0.00000E+00  0.00000E+00  0.00000E+00  0.00000E+00  0.00000E+00  0.00000E+00
  0.00000E+00  0.00000E+00  0.00000E+00  0.00000E+00  0.00000E+00  0.00000E+00
  0.00000E+00  0.00000E+00  0.00000E+00  0.00000E+00  0.00000E+00  0.00000E+00

 jn =   5
  0.00000E+00  0.00000E+00  0.00000E+00  0.00000E+00  0.00000E+00  0.00000E+00
  0.00000E+00  0.00000E+00  0.00000E+00  0.00000E+00  0.00000E+00  0.00000E+00
  0.00000E+00  0.00000E+00  0.00000E+00  0.00000E+00  0.00000E+00  0.00000E+00
  0.00000E+00  0.00000E+00  0.00000E+00  0.00000E+00  0.00000E+00  0.00000E+00
  0.00000E+00  0.00000E+00  0.00000E+00  0.00000E+00  0.00000E+00  0.00000E+00
  0.00000E+00  0.00000E+00  0.00000E+00  0.00000E+00  0.00000E+00  0.00000E+00
  0.00000E+00  0.00000E+00  0.00000E+00  0.00000E+00  0.00000E+00  0.00000E+00
  0.00000E+00  0.00000E+00  0.00000E+00  0.00000E+00  0.00000E+00  0.00000E+00
  0.00000E+00  0.00000E+00  0.00000E+00  0.00000E+00  0.00000E+00  0.00000E+00
  0.00000E+00  0.00000E+00  0.00000E+00  0.00000E+00  0.00000E+00  0.00000E+00

 jn =   6
  0.00000E+00  0.00000E+00  0.00000E+00  0.00000E+00  0.00000E+00  0.00000E+00
  0.00000E+00  0.00000E+00  0.00000E+00  0.00000E+00  0.00000E+00  0.00000E+00
  0.00000E+00  0.00000E+00  0.00000E+00  0.00000E+00  0.00000E+00  0.00000E+00
  0.00000E+00  0.00000E+00  0.00000E+00  0.00000E+00  0.00000E+00  0.00000E+00
  0.00000E+00  0.00000E+00  0.00000E+00  0.00000E+00  0.00000E+00  0.00000E+00
  0.00000E+00  0.00000E+00  0.00000E+00  0.00000E+00  0.00000E+00  0.00000E+00
  0.00000E+00  0.00000E+00  0.00000E+00  0.00000E+00  0.00000E+00  0.00000E+00
  0.00000E+00  0.00000E+00  0.00000E+00  0.00000E+00  0.00000E+00  0.00000E+00
  0.00000E+00  0.00000E+00  0.00000E+00  0.00000E+00  0.00000E+00  0.00000E+00
  0.00000E+00  0.00000E+00  0.00000E+00  0.00000E+00  0.00000E+00  0.00000E+00

 jn =   7
  0.00000E+00  0.00000E+00  0.00000E+00  0.00000E+00  0.00000E+00  0.00000E+00
  0.00000E+00  0.00000E+00  0.00000E+00  0.00000E+00  0.00000E+00  0.00000E+00
  0.00000E+00  0.00000E+00  0.00000E+00  0.00000E+00  0.00000E+00  0.00000E+00
  0.00000E+00  0.00000E+00  0.00000E+00  0.00000E+00  0.00000E+00  0.00000E+00
  0.00000E+00  0.00000E+00  0.00000E+00  0.00000E+00  0.00000E+00  0.00000E+00
  0.00000E+00  0.00000E+00  0.00000E+00  0.00000E+00  0.00000E+00  0.00000E+00
  0.00000E+00  0.00000E+00  0.00000E+00  0.00000E+00  0.00000E+00  0.00000E+00
  0.00000E+00  0.00000E+00  0.00000E+00  0.00000E+00  0.00000E+00  0.00000E+00
  0.00000E+00  0.00000E+00  0.00000E+00  0.00000E+00  0.00000E+00  0.00000E+00
  0.00000E+00  0.00000E+00  0.00000E+00  0.00000E+00  0.00000E+00  0.00000E+00

 jn =   8
  0.00000E+00  0.00000E+00  0.00000E+00  0.00000E+00  0.00000E+00  0.00000E+00
  0.00000E+00  0.00000E+00  0.00000E+00  0.00000E+00  0.00000E+00  0.00000E+00
  0.00000E+00  0.00000E+00  0.00000E+00  0.00000E+00  0.00000E+00  0.00000E+00
  0.00000E+00  0.00000E+00  0.00000E+00  0.00000E+00  0.00000E+00  0.00000E+00
  0.00000E+00  0.00000E+00  0.00000E+00  0.00000E+00  0.00000E+00  0.00000E+00
  0.00000E+00  0.00000E+00  0.00000E+00  0.00000E+00  0.00000E+00  0.00000E+00
  0.00000E+00  0.00000E+00  0.00000E+00  0.00000E+00  0.00000E+00  0.00000E+00
  0.00000E+00  0.00000E+00  0.00000E+00  0.00000E+00  0.00000E+00  0.00000E+00
  0.00000E+00  0.00000E+00  0.00000E+00  0.00000E+00  0.00000E+00  0.00000E+00
  0.00000E+00  0.00000E+00  0.00000E+00  0.00000E+00  0.00000E+00  0.00000E+00

 jn =   9
  0.00000E+00  0.00000E+00  0.00000E+00  0.00000E+00  0.00000E+00  0.00000E+00
  0.00000E+00  0.00000E+00  0.00000E+00  0.00000E+00  0.00000E+00  0.00000E+00
  0.00000E+00  0.00000E+00  0.00000E+00  0.00000E+00  0.00000E+00  0.00000E+00
  0.00000E+00  0.00000E+00  0.00000E+00  0.00000E+00  0.00000E+00  0.00000E+00
  0.00000E+00  0.00000E+00  0.00000E+00  0.00000E+00  0.00000E+00  0.00000E+00
  0.00000E+00  0.00000E+00  0.00000E+00  0.00000E+00  0.00000E+00  0.00000E+00
  0.00000E+00  0.00000E+00  0.00000E+00  0.00000E+00  0.00000E+00  0.00000E+00
  0.00000E+00  0.00000E+00  0.00000E+00  0.00000E+00  0.00000E+00  0.00000E+00
  0.00000E+00  0.00000E+00  0.00000E+00  0.00000E+00  0.00000E+00  0.00000E+00
  0.00000E+00  0.00000E+00  0.00000E+00  0.00000E+00  0.00000E+00  0.00000E+00

 jn =   10
  0.00000E+00  0.00000E+00  0.00000E+00  0.00000E+00  0.00000E+00  0.00000E+00
  0.00000E+00  0.00000E+00  0.00000E+00  0.00000E+00  0.00000E+00  0.00000E+00
  0.00000E+00  0.00000E+00  0.00000E+00  0.00000E+00  0.00000E+00  0.00000E+00
  0.00000E+00  0.00000E+00  0.00000E+00  0.00000E+00  0.00000E+00  0.00000E+00
  0.00000E+00  0.00000E+00  0.00000E+00  0.00000E+00  0.00000E+00  0.00000E+00
  0.00000E+00  0.00000E+00  0.00000E+00  0.00000E+00  0.00000E+00  0.00000E+00
  0.00000E+00  0.00000E+00  0.00000E+00  0.00000E+00  0.00000E+00  0.00000E+00
  0.00000E+00  0.00000E+00  0.00000E+00  0.00000E+00  0.00000E+00  0.00000E+00
  0.00000E+00  0.00000E+00  0.00000E+00  0.00000E+00  0.00000E+00  0.00000E+00
  0.00000E+00  0.00000E+00  0.00000E+00  0.00000E+00  0.00000E+00  0.00000E+00

 jn =   11
  0.00000E+00  0.00000E+00  0.00000E+00  0.00000E+00  0.00000E+00  0.00000E+00
  0.00000E+00  0.00000E+00  0.00000E+00  0.00000E+00  0.00000E+00  0.00000E+00
  0.00000E+00  0.00000E+00  0.00000E+00  0.00000E+00  0.00000E+00  0.00000E+00
  0.00000E+00  0.00000E+00  0.00000E+00  0.00000E+00  0.00000E+00  0.00000E+00
  0.00000E+00  0.00000E+00  0.00000E+00  0.00000E+00  0.00000E+00  0.00000E+00
  0.00000E+00  0.00000E+00  0.00000E+00  0.00000E+00  0.00000E+00  0.00000E+00
  0.00000E+00  0.00000E+00  0.00000E+00  0.00000E+00  0.00000E+00  0.00000E+00
  0.00000E+00  0.00000E+00  0.00000E+00  0.00000E+00  0.00000E+00  0.00000E+00
  0.00000E+00  0.00000E+00  0.00000E+00  0.00000E+00  0.00000E+00  0.00000E+00
  0.00000E+00  0.00000E+00  0.00000E+00  0.00000E+00  0.00000E+00  0.00000E+00

 jn =   12
  0.00000E+00  0.00000E+00  0.00000E+00  0.00000E+00  0.00000E+00  0.00000E+00
  0.00000E+00  0.00000E+00  0.00000E+00  0.00000E+00  0.00000E+00  0.00000E+00
  0.00000E+00  0.00000E+00  0.00000E+00  0.00000E+00  0.00000E+00  0.00000E+00
  0.00000E+00  0.00000E+00  0.00000E+00  0.00000E+00  0.00000E+00  0.00000E+00
  0.00000E+00  0.00000E+00  0.00000E+00  0.00000E+00  0.00000E+00  0.00000E+00
  0.00000E+00  0.00000E+00  0.00000E+00  0.00000E+00  0.00000E+00  0.00000E+00
  0.00000E+00  0.00000E+00  0.00000E+00  0.00000E+00  0.00000E+00  0.00000E+00
  0.00000E+00  0.00000E+00  0.00000E+00  0.00000E+00  0.00000E+00  0.00000E+00
  0.00000E+00  0.00000E+00  0.00000E+00  0.00000E+00  0.00000E+00  0.00000E+00
  0.00000E+00  0.00000E+00  0.00000E+00  0.00000E+00  0.00000E+00  0.00000E+00

 jn =   13
  0.00000E+00  0.00000E+00  0.00000E+00  0.00000E+00  0.00000E+00  0.00000E+00
  0.00000E+00  0.00000E+00  0.00000E+00  0.00000E+00  0.00000E+00  0.00000E+00
  0.00000E+00  0.00000E+00  0.00000E+00  0.00000E+00  0.00000E+00  0.00000E+00
  0.00000E+00  0.00000E+00  0.00000E+00  0.00000E+00  0.00000E+00  0.00000E+00
  0.00000E+00  0.00000E+00  0.00000E+00  0.00000E+00  0.00000E+00  0.00000E+00
  0.00000E+00  0.00000E+00  0.00000E+00  0.00000E+00  0.00000E+00  0.00000E+00
  0.00000E+00  0.00000E+00  0.00000E+00  0.00000E+00  0.00000E+00  0.00000E+00
  0.00000E+00  0.00000E+00  0.00000E+00  0.00000E+00  0.00000E+00  0.00000E+00
  0.00000E+00  0.00000E+00  0.00000E+00  0.00000E+00  0.00000E+00  0.00000E+00
  0.00000E+00  0.00000E+00  0.00000E+00  0.00000E+00  0.00000E+00  0.00000E+00

 jn =   14
  0.00000E+00  0.00000E+00  0.00000E+00  0.00000E+00  0.00000E+00  0.00000E+00
  0.00000E+00  0.00000E+00  0.00000E+00  0.00000E+00  0.00000E+00  0.00000E+00
  0.00000E+00  0.00000E+00  0.00000E+00  0.00000E+00  0.00000E+00  0.00000E+00
  0.00000E+00  0.00000E+00  0.00000E+00  0.00000E+00  0.00000E+00  0.00000E+00
  0.00000E+00  0.00000E+00  0.00000E+00  0.00000E+00  0.00000E+00  0.00000E+00
  0.00000E+00  0.00000E+00  0.00000E+00  0.00000E+00  0.00000E+00  0.00000E+00
  0.00000E+00  0.00000E+00  0.00000E+00  0.00000E+00  0.00000E+00  0.00000E+00
  0.00000E+00  0.00000E+00  0.00000E+00  0.00000E+00  0.00000E+00  0.00000E+00
  0.00000E+00  0.00000E+00  0.00000E+00  0.00000E+00  0.00000E+00  0.00000E+00
  0.00000E+00  0.00000E+00  0.00000E+00  0.00000E+00  0.00000E+00  0.00000E+00

 jn =   15
  0.00000E+00  0.00000E+00  0.00000E+00  0.00000E+00  0.00000E+00  0.00000E+00
  0.00000E+00  0.00000E+00  0.00000E+00  0.00000E+00  0.00000E+00  0.00000E+00
  0.00000E+00  0.00000E+00  0.00000E+00  0.00000E+00  0.00000E+00  0.00000E+00
  0.00000E+00  0.00000E+00  0.00000E+00  0.00000E+00  0.00000E+00  0.00000E+00
  0.00000E+00  0.00000E+00  0.00000E+00  0.00000E+00  0.00000E+00  0.00000E+00
  0.00000E+00  0.00000E+00  0.00000E+00  0.00000E+00  0.00000E+00  0.00000E+00
  0.00000E+00  0.00000E+00  0.00000E+00  0.00000E+00  0.00000E+00  0.00000E+00
  0.00000E+00  0.00000E+00  0.00000E+00  0.00000E+00  0.00000E+00  0.00000E+00
  0.00000E+00  0.00000E+00  0.00000E+00  0.00000E+00  0.00000E+00  0.00000E+00
  0.00000E+00  0.00000E+00  0.00000E+00  0.00000E+00  0.00000E+00  0.00000E+00

 H0 external source Rate(jt,jn) (cm**-3 s**-1)
 jn =   1
  5.23562E+09  2.56421E+09  1.36798E+09  7.91489E+08  4.92355E+08  3.25884E+08
  2.27112E+08  1.65038E+08  1.23991E+08  9.56132E+07  7.52235E+07  6.00894E+07
  4.85427E+07  3.95320E+07  3.23710E+07  2.65973E+07  2.18903E+07  1.80235E+07
  1.48263E+07  1.21742E+07  9.97055E+06  8.13860E+06  6.61766E+06  5.35806E+06
  4.31833E+06  3.46341E+06  2.76382E+06  2.19433E+06  1.73330E+06  1.36222E+06
  1.06529E+06  8.29067E+05  6.42229E+05  4.95279E+05  3.80330E+05  2.90880E+05
  2.21619E+05  1.68242E+05  1.27288E+05  9.59983E+04  7.21847E+04  5.41275E+04
  4.04819E+04  3.02029E+04  2.24829E+04  1.67007E+04  1.23811E+04  9.16184E+03
  6.76794E+03  4.99147E+03  3.67574E+03  2.70301E+03  1.98505E+03  1.45598E+03
  1.06668E+03  7.80603E+02  5.70660E+02  4.16773E+02  3.04103E+02  2.21698E+02

 jn =   2
  1.19483E+11  5.22693E+10  2.49652E+10  1.30381E+10  7.40515E+09  4.53223E+09
  2.95744E+09  2.03563E+09  1.46337E+09  1.08913E+09  8.32990E+08  6.50655E+08
  5.16415E+08  4.14752E+08  3.35944E+08  2.73682E+08  2.23754E+08  1.83272E+08
  1.50150E+08  1.22900E+08  1.00405E+08  8.17979E+07  6.64123E+07  5.37086E+07
  4.32476E+07  3.46616E+07  2.76454E+07  2.19400E+07  1.73250E+07  1.36126E+07
  1.06434E+07  8.28216E+06  6.41503E+06  4.94682E+06  3.79850E+06  2.90502E+06
  2.21325E+06  1.68016E+06  1.27117E+06  9.58689E+05  7.20878E+05  5.40553E+05
  4.04285E+05  3.01635E+05  2.24540E+05  1.66796E+05  1.23658E+05  9.15071E+04
  6.75989E+04  4.98568E+04  3.67159E+04  2.70004E+04  1.98294E+04  1.45448E+04
  1.06561E+04  7.79854E+03  5.70133E+03  4.16404E+03  3.03846E+03  2.21519E+03

 jn =   3
  3.04509E+12  1.20074E+12  5.13310E+11  2.40278E+11  1.23189E+11  6.88046E+10
  4.14747E+10  2.66989E+10  1.81578E+10  1.29162E+10  9.52439E+09  7.22552E+09
  5.60335E+09  4.41859E+09  3.52780E+09  2.84170E+09  2.30287E+09  1.87325E+09
  1.52648E+09  1.24423E+09  1.01319E+09  8.23318E+08  6.67143E+08  5.38695E+08
  4.33259E+08  3.46926E+08  2.76507E+08  2.19324E+08  1.73119E+08  1.35981E+08
  1.06296E+08  8.26995E+07  6.40474E+07  4.93842E+07  3.79181E+07  2.89977E+07
  2.20919E+07  1.67706E+07  1.26882E+07  9.56918E+06  7.19553E+06  5.39568E+06
  4.03555E+06  3.01098E+06  2.24145E+06  1.66507E+06  1.23447E+06  9.13535E+05
  6.74874E+05  4.97761E+05  3.66576E+05  2.69583E+05  1.97992E+05  1.45231E+05
  1.06406E+05  7.78743E+04  5.69341E+04  4.15841E+04  3.03446E+04  2.21236E+04

 jn =   4
  8.49060E+13  3.07929E+13  1.19057E+13  4.99814E+12  2.29598E+12  1.15764E+12
  6.36225E+11  3.77936E+11  2.40078E+11  1.61343E+11  1.13563E+11  8.29673E+10
  6.24257E+10  4.80563E+10  3.76446E+10  2.98721E+10  2.39248E+10  1.92829E+10
  1.56011E+10  1.26455E+10  1.02527E+10  8.30329E+09  6.71062E+09  5.40751E+09
  4.34228E+09  3.47276E+09  2.76528E+09  2.19184E+09  1.72914E+09  1.35765E+09
  1.06094E+09  8.25238E+08  6.39009E+08  4.92655E+08  3.78239E+08  2.89243E+08
  2.20354E+08  1.67275E+08  1.26556E+08  9.54473E+07  7.17730E+07  5.38216E+07
  4.02557E+07  3.00363E+07  2.23607E+07  1.66114E+07  1.23160E+07  9.11453E+06
  6.73365E+06  4.96669E+06  3.65787E+06  2.69015E+06  1.97582E+06  1.44937E+06
  1.06195E+06  7.77230E+05  5.68258E+05  4.15067E+05  3.02893E+05  2.20842E+05

 jn =   5
  2.51294E+15  8.61810E+14  3.07765E+14  1.17046E+14  4.81415E+13  2.18157E+13
  1.08271E+13  5.86222E+12  3.43283E+12  2.15186E+12  1.42894E+12  9.95097E+11
  7.20098E+11  5.37220E+11  4.10418E+11  3.19276E+11  2.51737E+11  2.00413E+11
  1.60594E+11  1.29198E+11  1.04141E+11  8.39591E+10  6.76164E+10  5.43382E+10
  4.35422E+10  3.47661E+10  2.76488E+10  2.18943E+10  1.72598E+10  1.35443E+10
  1.05799E+10  8.22700E+09  6.36907E+09  4.90961E+09  3.76901E+09  2.88203E+09
  2.19555E+09  1.66667E+09  1.26098E+09  9.51047E+08  7.15182E+08  5.36330E+08
  4.01167E+08  2.99343E+08  2.22861E+08  1.65570E+08  1.22765E+08  9.08589E+07
  6.71293E+07  4.95173E+07  3.64709E+07  2.68239E+07  1.97025E+07  1.44538E+07
  1.05909E+07  7.75182E+06  5.66795E+06  4.14022E+06  3.02148E+06  2.20311E+06

 jn =   6
  7.66327E+16  2.55311E+16  8.66270E+15  3.05161E+15  1.13729E+15  4.64171E+14
  2.06645E+14  1.00730E+14  5.36784E+13  3.09866E+13  1.91780E+13  1.25884E+13
  8.67441E+12  6.21778E+12  4.59922E+12  3.48653E+12  2.69302E+12  2.10936E+12
  1.66877E+12  1.32915E+12  1.06301E+12  8.51821E+11  6.82782E+11  5.46705E+11
  4.36849E+11  3.48042E+11  2.76325E+11  2.18534E+11  1.72108E+11  1.34958E+11
  1.05363E+11  8.18990E+10  6.33857E+10  4.88517E+10  3.74979E+10  2.86713E+10
  2.18414E+10  1.65803E+10  1.25448E+10  9.46189E+09  7.11574E+09  5.33664E+09
  3.99207E+09  2.97907E+09  2.21813E+09  1.64807E+09  1.22211E+09  9.04581E+08
  6.68398E+08  4.93087E+08  3.63209E+08  2.67162E+08  1.96253E+08  1.43985E+08
  1.05513E+08  7.72360E+07  5.64782E+07  4.12588E+07  3.01127E+07  2.19585E+07

 jn =   7
  2.35526E+18  7.76928E+17  2.56820E+17  8.60310E+16  2.96996E+16  1.10340E+16
  4.41495E+15  1.92661E+15  9.28160E+14  4.89122E+14  2.79070E+14  1.70611E+14
  1.10638E+14  7.53847E+13  5.34848E+13  3.91962E+13  2.94623E+13  2.25810E+13
  1.75600E+13  1.37984E+13  1.09194E+13  8.67828E+12  6.91185E+12  5.50716E+12
  4.38386E+12  3.48251E+12  2.75875E+12  2.17807E+12  1.71313E+12  1.34205E+12
  1.04698E+12  8.13443E+11  6.29343E+11  4.84925E+11  3.72171E+11  2.84547E+11
  2.16761E+11  1.64554E+11  1.24511E+11  9.39205E+10  7.06397E+10  5.29846E+10
  3.96403E+10  2.95856E+10  2.20317E+10  1.63721E+10  1.21424E+10  8.98889E+09
  6.64294E+09  4.90133E+09  3.61087E+09  2.65641E+09  1.95164E+09  1.43207E+09
  1.04958E+09  7.68401E+08  5.61963E+08  4.10583E+08  2.99702E+08  2.18574E+08

 jn =   8
  7.18560E+19  2.37459E+19  7.78945E+18  2.54694E+18  8.39929E+17  2.91582E+17
  1.06702E+17  4.19319E+16  1.81855E+16  8.64739E+15  4.47779E+15  2.50788E+15
  1.50716E+15  9.64047E+14  6.49039E+14  4.55634E+14  3.30723E+14  2.46448E+14
  1.87395E+14  1.44659E+14  1.12888E+14  8.87463E+13  7.00865E+13  5.54796E+13
  4.39423E+13  3.47741E+13  2.74669E+13  2.16377E+13  1.69906E+13  1.32937E+13
  1.03614E+13  8.04572E+12  6.22226E+12  4.79321E+12  3.67823E+12  2.81228E+12
  2.14245E+12  1.62667E+12  1.23104E+12  9.28776E+11  6.98708E+11  5.24203E+11
  3.92278E+11  2.92851E+11  2.18135E+11  1.62140E+11  1.20282E+11  8.90661E+10
  6.58375E+10  4.85883E+10  3.58041E+10  2.63460E+10  1.93606E+10  1.42094E+10
  1.04165E+10  7.62758E+09  5.57951E+09  4.07733E+09  2.97680E+09  2.17141E+09

 jn =   9
  2.14888E+21  7.17547E+20  2.36556E+20  7.69847E+19  2.48750E+19  8.26315E+18
  2.81038E+18  1.00152E+18  3.89393E+17  1.65547E+17  7.70001E+16  3.90978E+16
  2.15684E+16  1.28766E+16  8.17223E+15  5.45754E+15  3.79913E+15  2.73514E+15
  2.02243E+15  1.52669E+15  1.17055E+15  9.07630E+14  7.09188E+14  5.56811E+14
  4.38280E+14  3.45213E+14  2.71715E+14  2.13494E+14  1.67323E+14  1.30736E+14
  1.01799E+14  7.89978E+13  6.10686E+13  4.70321E+13  3.60883E+13  2.75988E+13
  2.10292E+13  1.59717E+13  1.20913E+13  9.12587E+12  6.86804E+12  5.15488E+12
  3.85924E+12  2.88235E+12  2.14793E+12  1.59727E+12  1.18545E+12  8.78183E+11
  6.49434E+11  4.79490E+11  3.53478E+11  2.60209E+11  1.91293E+11  1.40451E+11
  1.02999E+11  7.54490E+10  5.52095E+10  4.03589E+10  2.94750E+10  2.15069E+10

 jn =   10
  6.20599E+22  2.11431E+22  7.07279E+21  2.32039E+21  7.47208E+20  2.42354E+20
  7.83075E+19  2.58931E+19  9.20545E+18  3.55144E+18  1.49398E+18  6.85836E+17
  3.43706E+17  1.89085E+17  1.11290E+17  6.95061E+16  4.56783E+16  3.13474E+16
  2.22962E+16  1.63196E+16  1.22152E+16  9.29733E+15  7.16187E+15  5.56245E+15
  4.34261E+15  3.39951E+15  2.66354E+15  2.08578E+15  1.63072E+15  1.27193E+15
  9.89226E+14  7.67021E+14  5.92643E+14  4.56304E+14  3.50095E+14  2.67864E+14
  2.04171E+14  1.55156E+14  1.17528E+14  8.87594E+13  6.68444E+13  5.02062E+13
  3.76144E+13  2.81135E+13  2.09655E+13  1.56021E+13  1.15878E+13  8.59037E+12
  6.35720E+12  4.69686E+12  3.46482E+12  2.55226E+12  1.87749E+12  1.37934E+12
  1.01215E+12  7.41856E+11  5.43161E+11  3.97280E+11  2.90299E+11  2.11934E+11

 jn =   11
  1.68084E+24  5.94727E+23  2.04616E+23  6.84781E+22  2.22914E+22  7.21033E+21
  2.28280E+21  7.27377E+20  2.45127E+20  8.79401E+19  3.36822E+19  1.38447E+19
  6.17606E+18  3.04358E+18  1.61878E+18  9.26160E+17  5.66110E+17  3.66604E+17
  2.49165E+17  1.76084E+17  1.28362E+17  9.57634E+16  7.26464E+16  5.57629E+16
  4.31414E+16  3.35362E+16  2.61330E+16  2.03773E+16  1.58785E+16  1.23525E+16
  9.58708E+15  7.42089E+15  5.72616E+15  4.40416E+15  3.37619E+15  2.58181E+15
  1.96708E+15  1.49452E+15  1.13198E+15  8.54932E+14  6.43962E+14  4.83819E+14
  3.62626E+14  2.71158E+14  2.02333E+14  1.50671E+14  1.11986E+14  8.30840E+13
  6.15363E+13  4.55039E+13  3.35977E+13  2.47712E+13  1.82389E+13  1.34119E+13
  9.85052E+12  7.22648E+12  5.29566E+12  3.87672E+12  2.83518E+12  2.07153E+12

 jn =   12
  4.26644E+25  1.57049E+25  5.64006E+24  1.94429E+24  6.48335E+23  2.12696E+23
  6.75409E+22  2.12889E+22  6.93217E+21  2.31429E+21  7.92709E+20  2.84948E+20
  1.11125E+20  4.83580E+19  2.31651E+19  1.21811E+19  6.96709E+18  4.28456E+18
  2.79815E+18  1.91775E+18  1.36789E+18  1.00399E+18  7.51934E+17  5.71319E+17
  4.38383E+17  3.38497E+17  2.62308E+17  2.03583E+17  1.58007E+17  1.22500E+17
  9.47927E+16  7.31767E+16  5.63305E+16  4.32321E+16  3.30761E+16  2.52399E+16
  1.91958E+16  1.45584E+16  1.10092E+16  8.30196E+15  6.24461E+15  4.68576E+15
  3.50801E+15  2.62016E+15  1.95329E+15  1.45339E+15  1.07951E+15  8.00468E+14
  5.92629E+14  4.38111E+14  3.23434E+14  2.38465E+14  1.75602E+14  1.29162E+14
  9.48990E+13  6.96526E+13  5.10719E+13  3.74125E+13  2.73815E+13  2.00226E+13

 jn =   13
  9.52006E+26  3.75266E+26  1.44886E+26  5.21498E+25  1.80055E+25  6.08447E+24
  1.96868E+24  6.22909E+23  1.97452E+23  6.10200E+22  1.85444E+22  5.85530E+21
  2.03072E+21  7.97119E+20  3.50663E+20  1.71714E+20  9.24936E+19  5.40677E+19
  3.38421E+19  2.23929E+19  1.55958E+19  1.12402E+19  8.28984E+18  6.21657E+18
  4.71671E+18  3.60675E+18  2.77139E+18  2.13502E+18  1.64623E+18  1.26886E+18
  9.76730E+17  7.50409E+17  5.75153E+17  4.39660E+17  3.35145E+17  2.54803E+17
  1.93153E+17  1.46028E+17  1.10104E+17  8.27888E+16  6.21073E+16  4.64879E+16
  3.47222E+16  2.58688E+16  1.92420E+16  1.42874E+16  1.05907E+16  7.83799E+15
  5.79217E+15  4.27441E+15  3.15027E+15  2.31896E+15  1.70509E+15  1.25239E+15
  9.18977E+14  6.73698E+14  4.93455E+14  3.61140E+14  2.64100E+14  1.92995E+14

 jn =   14
  1.77710E+28  7.72350E+27  3.38849E+27  1.29160E+27  4.68588E+26  1.64759E+26
  5.52418E+25  1.78105E+25  5.60216E+24  1.64877E+24  4.64186E+23  1.35458E+23
  4.37594E+22  1.60734E+22  6.64369E+21  3.06124E+21  1.55215E+21  8.55141E+20
  5.05819E+20  3.17693E+20  2.13257E+20  1.49214E+20  1.07133E+20  7.84093E+19
  5.81956E+19  4.36248E+19  3.29243E+19  2.49555E+19  1.89609E+19  1.44201E+19
  1.09653E+19  8.33043E+18  6.31927E+18  4.78475E+18  3.61537E+18  2.72604E+18
  2.05093E+18  1.53975E+18  1.15356E+18  8.61954E+17  6.43069E+17  4.78967E+17
  3.56154E+17  2.64036E+17  1.95612E+17  1.44718E+17  1.06915E+17  7.88803E+16
  5.81227E+16  4.27759E+16  3.14452E+16  2.30909E+16  1.69388E+16  1.24138E+16
  9.08936E+15  6.64949E+15  4.86062E+15  3.55030E+15  2.59136E+15  1.89015E+15

 jn =   15
  3.04680E+29  1.43641E+29  6.43600E+28  2.71638E+28  1.12353E+28  4.16670E+27
  1.45733E+27  4.87156E+26  1.56243E+26  4.57029E+25  1.25906E+25  3.58390E+24
  1.12861E+24  4.03158E+23  1.61463E+23  7.17047E+22  3.48326E+22  1.82897E+22
  1.02671E+22  6.10493E+21  3.92896E+21  2.65026E+21  1.83619E+21  1.29829E+21
  9.32299E+20  6.77112E+20  4.95903E+20  3.65290E+20  2.70132E+20  2.00232E+20
  1.48599E+20  1.10313E+20  8.18631E+19  6.07035E+19  4.49678E+19  3.32744E+19
  2.45955E+19  1.81620E+19  1.33990E+19  9.85925E+18  7.25643E+18  5.33928E+18
  3.92707E+18  2.87575E+18  2.10977E+18  1.54735E+18  1.13420E+18  8.30876E+17
  6.08306E+17  4.45088E+17  3.25469E+17  2.37855E+17  1.73723E+17  1.26808E+17
  9.25092E+16  6.74491E+16  4.91503E+16  3.57964E+16  2.60569E+16  1.89576E+16

 H2 external source Rate(jt,jn) (cm**-3 s**-1)
 jn =   1
  0.00000E+00  0.00000E+00  0.00000E+00  0.00000E+00  0.00000E+00  0.00000E+00
  0.00000E+00  0.00000E+00  0.00000E+00  0.00000E+00  0.00000E+00  0.00000E+00
  0.00000E+00  0.00000E+00  0.00000E+00  0.00000E+00  0.00000E+00  0.00000E+00
  0.00000E+00  0.00000E+00  0.00000E+00  0.00000E+00  0.00000E+00  0.00000E+00
  0.00000E+00  0.00000E+00  0.00000E+00  0.00000E+00  0.00000E+00  0.00000E+00
  0.00000E+00  0.00000E+00  0.00000E+00  0.00000E+00  0.00000E+00  0.00000E+00
  0.00000E+00  0.00000E+00  0.00000E+00  0.00000E+00  0.00000E+00  0.00000E+00
  0.00000E+00  0.00000E+00  0.00000E+00  0.00000E+00  0.00000E+00  0.00000E+00
  0.00000E+00  0.00000E+00  0.00000E+00  0.00000E+00  0.00000E+00  0.00000E+00
  0.00000E+00  0.00000E+00  0.00000E+00  0.00000E+00  0.00000E+00  0.00000E+00

 jn =   2
  0.00000E+00  0.00000E+00  0.00000E+00  0.00000E+00  0.00000E+00  0.00000E+00
  0.00000E+00  0.00000E+00  0.00000E+00  0.00000E+00  0.00000E+00  0.00000E+00
  0.00000E+00  0.00000E+00  0.00000E+00  0.00000E+00  0.00000E+00  0.00000E+00
  0.00000E+00  0.00000E+00  0.00000E+00  0.00000E+00  0.00000E+00  0.00000E+00
  0.00000E+00  0.00000E+00  0.00000E+00  0.00000E+00  0.00000E+00  0.00000E+00
  0.00000E+00  0.00000E+00  0.00000E+00  0.00000E+00  0.00000E+00  0.00000E+00
  0.00000E+00  0.00000E+00  0.00000E+00  0.00000E+00  0.00000E+00  0.00000E+00
  0.00000E+00  0.00000E+00  0.00000E+00  0.00000E+00  0.00000E+00  0.00000E+00
  0.00000E+00  0.00000E+00  0.00000E+00  0.00000E+00  0.00000E+00  0.00000E+00
  0.00000E+00  0.00000E+00  0.00000E+00  0.00000E+00  0.00000E+00  0.00000E+00

 jn =   3
  0.00000E+00  0.00000E+00  0.00000E+00  0.00000E+00  0.00000E+00  0.00000E+00
  0.00000E+00  0.00000E+00  0.00000E+00  0.00000E+00  0.00000E+00  0.00000E+00
  0.00000E+00  0.00000E+00  0.00000E+00  0.00000E+00  0.00000E+00  0.00000E+00
  0.00000E+00  0.00000E+00  0.00000E+00  0.00000E+00  0.00000E+00  0.00000E+00
  0.00000E+00  0.00000E+00  0.00000E+00  0.00000E+00  0.00000E+00  0.00000E+00
  0.00000E+00  0.00000E+00  0.00000E+00  0.00000E+00  0.00000E+00  0.00000E+00
  0.00000E+00  0.00000E+00  0.00000E+00  0.00000E+00  0.00000E+00  0.00000E+00
  0.00000E+00  0.00000E+00  0.00000E+00  0.00000E+00  0.00000E+00  0.00000E+00
  0.00000E+00  0.00000E+00  0.00000E+00  0.00000E+00  0.00000E+00  0.00000E+00
  0.00000E+00  0.00000E+00  0.00000E+00  0.00000E+00  0.00000E+00  0.00000E+00

 jn =   4
  0.00000E+00  0.00000E+00  0.00000E+00  0.00000E+00  0.00000E+00  0.00000E+00
  0.00000E+00  0.00000E+00  0.00000E+00  0.00000E+00  0.00000E+00  0.00000E+00
  0.00000E+00  0.00000E+00  0.00000E+00  0.00000E+00  0.00000E+00  0.00000E+00
  0.00000E+00  0.00000E+00  0.00000E+00  0.00000E+00  0.00000E+00  0.00000E+00
  0.00000E+00  0.00000E+00  0.00000E+00  0.00000E+00  0.00000E+00  0.00000E+00
  0.00000E+00  0.00000E+00  0.00000E+00  0.00000E+00  0.00000E+00  0.00000E+00
  0.00000E+00  0.00000E+00  0.00000E+00  0.00000E+00  0.00000E+00  0.00000E+00
  0.00000E+00  0.00000E+00  0.00000E+00  0.00000E+00  0.00000E+00  0.00000E+00
  0.00000E+00  0.00000E+00  0.00000E+00  0.00000E+00  0.00000E+00  0.00000E+00
  0.00000E+00  0.00000E+00  0.00000E+00  0.00000E+00  0.00000E+00  0.00000E+00

 jn =   5
  0.00000E+00  0.00000E+00  0.00000E+00  0.00000E+00  0.00000E+00  0.00000E+00
  0.00000E+00  0.00000E+00  0.00000E+00  0.00000E+00  0.00000E+00  0.00000E+00
  0.00000E+00  0.00000E+00  0.00000E+00  0.00000E+00  0.00000E+00  0.00000E+00
  0.00000E+00  0.00000E+00  0.00000E+00  0.00000E+00  0.00000E+00  0.00000E+00
  0.00000E+00  0.00000E+00  0.00000E+00  0.00000E+00  0.00000E+00  0.00000E+00
  0.00000E+00  0.00000E+00  0.00000E+00  0.00000E+00  0.00000E+00  0.00000E+00
  0.00000E+00  0.00000E+00  0.00000E+00  0.00000E+00  0.00000E+00  0.00000E+00
  0.00000E+00  0.00000E+00  0.00000E+00  0.00000E+00  0.00000E+00  0.00000E+00
  0.00000E+00  0.00000E+00  0.00000E+00  0.00000E+00  0.00000E+00  0.00000E+00
  0.00000E+00  0.00000E+00  0.00000E+00  0.00000E+00  0.00000E+00  0.00000E+00

 jn =   6
  0.00000E+00  0.00000E+00  0.00000E+00  0.00000E+00  0.00000E+00  0.00000E+00
  0.00000E+00  0.00000E+00  0.00000E+00  0.00000E+00  0.00000E+00  0.00000E+00
  0.00000E+00  0.00000E+00  0.00000E+00  0.00000E+00  0.00000E+00  0.00000E+00
  0.00000E+00  0.00000E+00  0.00000E+00  0.00000E+00  0.00000E+00  0.00000E+00
  0.00000E+00  0.00000E+00  0.00000E+00  0.00000E+00  0.00000E+00  0.00000E+00
  0.00000E+00  0.00000E+00  0.00000E+00  0.00000E+00  0.00000E+00  0.00000E+00
  0.00000E+00  0.00000E+00  0.00000E+00  0.00000E+00  0.00000E+00  0.00000E+00
  0.00000E+00  0.00000E+00  0.00000E+00  0.00000E+00  0.00000E+00  0.00000E+00
  0.00000E+00  0.00000E+00  0.00000E+00  0.00000E+00  0.00000E+00  0.00000E+00
  0.00000E+00  0.00000E+00  0.00000E+00  0.00000E+00  0.00000E+00  0.00000E+00

 jn =   7
  0.00000E+00  0.00000E+00  0.00000E+00  0.00000E+00  0.00000E+00  0.00000E+00
  0.00000E+00  0.00000E+00  0.00000E+00  0.00000E+00  0.00000E+00  0.00000E+00
  0.00000E+00  0.00000E+00  0.00000E+00  0.00000E+00  0.00000E+00  0.00000E+00
  0.00000E+00  0.00000E+00  0.00000E+00  0.00000E+00  0.00000E+00  0.00000E+00
  0.00000E+00  0.00000E+00  0.00000E+00  0.00000E+00  0.00000E+00  0.00000E+00
  0.00000E+00  0.00000E+00  0.00000E+00  0.00000E+00  0.00000E+00  0.00000E+00
  0.00000E+00  0.00000E+00  0.00000E+00  0.00000E+00  0.00000E+00  0.00000E+00
  0.00000E+00  0.00000E+00  0.00000E+00  0.00000E+00  0.00000E+00  0.00000E+00
  0.00000E+00  0.00000E+00  0.00000E+00  0.00000E+00  0.00000E+00  0.00000E+00
  0.00000E+00  0.00000E+00  0.00000E+00  0.00000E+00  0.00000E+00  0.00000E+00

 jn =   8
  0.00000E+00  0.00000E+00  0.00000E+00  0.00000E+00  0.00000E+00  0.00000E+00
  0.00000E+00  0.00000E+00  0.00000E+00  0.00000E+00  0.00000E+00  0.00000E+00
  0.00000E+00  0.00000E+00  0.00000E+00  0.00000E+00  0.00000E+00  0.00000E+00
  0.00000E+00  0.00000E+00  0.00000E+00  0.00000E+00  0.00000E+00  0.00000E+00
  0.00000E+00  0.00000E+00  0.00000E+00  0.00000E+00  0.00000E+00  0.00000E+00
  0.00000E+00  0.00000E+00  0.00000E+00  0.00000E+00  0.00000E+00  0.00000E+00
  0.00000E+00  0.00000E+00  0.00000E+00  0.00000E+00  0.00000E+00  0.00000E+00
  0.00000E+00  0.00000E+00  0.00000E+00  0.00000E+00  0.00000E+00  0.00000E+00
  0.00000E+00  0.00000E+00  0.00000E+00  0.00000E+00  0.00000E+00  0.00000E+00
  0.00000E+00  0.00000E+00  0.00000E+00  0.00000E+00  0.00000E+00  0.00000E+00

 jn =   9
  0.00000E+00  0.00000E+00  0.00000E+00  0.00000E+00  0.00000E+00  0.00000E+00
  0.00000E+00  0.00000E+00  0.00000E+00  0.00000E+00  0.00000E+00  0.00000E+00
  0.00000E+00  0.00000E+00  0.00000E+00  0.00000E+00  0.00000E+00  0.00000E+00
  0.00000E+00  0.00000E+00  0.00000E+00  0.00000E+00  0.00000E+00  0.00000E+00
  0.00000E+00  0.00000E+00  0.00000E+00  0.00000E+00  0.00000E+00  0.00000E+00
  0.00000E+00  0.00000E+00  0.00000E+00  0.00000E+00  0.00000E+00  0.00000E+00
  0.00000E+00  0.00000E+00  0.00000E+00  0.00000E+00  0.00000E+00  0.00000E+00
  0.00000E+00  0.00000E+00  0.00000E+00  0.00000E+00  0.00000E+00  0.00000E+00
  0.00000E+00  0.00000E+00  0.00000E+00  0.00000E+00  0.00000E+00  0.00000E+00
  0.00000E+00  0.00000E+00  0.00000E+00  0.00000E+00  0.00000E+00  0.00000E+00

 jn =   10
  0.00000E+00  0.00000E+00  0.00000E+00  0.00000E+00  0.00000E+00  0.00000E+00
  0.00000E+00  0.00000E+00  0.00000E+00  0.00000E+00  0.00000E+00  0.00000E+00
  0.00000E+00  0.00000E+00  0.00000E+00  0.00000E+00  0.00000E+00  0.00000E+00
  0.00000E+00  0.00000E+00  0.00000E+00  0.00000E+00  0.00000E+00  0.00000E+00
  0.00000E+00  0.00000E+00  0.00000E+00  0.00000E+00  0.00000E+00  0.00000E+00
  0.00000E+00  0.00000E+00  0.00000E+00  0.00000E+00  0.00000E+00  0.00000E+00
  0.00000E+00  0.00000E+00  0.00000E+00  0.00000E+00  0.00000E+00  0.00000E+00
  0.00000E+00  0.00000E+00  0.00000E+00  0.00000E+00  0.00000E+00  0.00000E+00
  0.00000E+00  0.00000E+00  0.00000E+00  0.00000E+00  0.00000E+00  0.00000E+00
  0.00000E+00  0.00000E+00  0.00000E+00  0.00000E+00  0.00000E+00  0.00000E+00

 jn =   11
  0.00000E+00  0.00000E+00  0.00000E+00  0.00000E+00  0.00000E+00  0.00000E+00
  0.00000E+00  0.00000E+00  0.00000E+00  0.00000E+00  0.00000E+00  0.00000E+00
  0.00000E+00  0.00000E+00  0.00000E+00  0.00000E+00  0.00000E+00  0.00000E+00
  0.00000E+00  0.00000E+00  0.00000E+00  0.00000E+00  0.00000E+00  0.00000E+00
  0.00000E+00  0.00000E+00  0.00000E+00  0.00000E+00  0.00000E+00  0.00000E+00
  0.00000E+00  0.00000E+00  0.00000E+00  0.00000E+00  0.00000E+00  0.00000E+00
  0.00000E+00  0.00000E+00  0.00000E+00  0.00000E+00  0.00000E+00  0.00000E+00
  0.00000E+00  0.00000E+00  0.00000E+00  0.00000E+00  0.00000E+00  0.00000E+00
  0.00000E+00  0.00000E+00  0.00000E+00  0.00000E+00  0.00000E+00  0.00000E+00
  0.00000E+00  0.00000E+00  0.00000E+00  0.00000E+00  0.00000E+00  0.00000E+00

 jn =   12
  0.00000E+00  0.00000E+00  0.00000E+00  0.00000E+00  0.00000E+00  0.00000E+00
  0.00000E+00  0.00000E+00  0.00000E+00  0.00000E+00  0.00000E+00  0.00000E+00
  0.00000E+00  0.00000E+00  0.00000E+00  0.00000E+00  0.00000E+00  0.00000E+00
  0.00000E+00  0.00000E+00  0.00000E+00  0.00000E+00  0.00000E+00  0.00000E+00
  0.00000E+00  0.00000E+00  0.00000E+00  0.00000E+00  0.00000E+00  0.00000E+00
  0.00000E+00  0.00000E+00  0.00000E+00  0.00000E+00  0.00000E+00  0.00000E+00
  0.00000E+00  0.00000E+00  0.00000E+00  0.00000E+00  0.00000E+00  0.00000E+00
  0.00000E+00  0.00000E+00  0.00000E+00  0.00000E+00  0.00000E+00  0.00000E+00
  0.00000E+00  0.00000E+00  0.00000E+00  0.00000E+00  0.00000E+00  0.00000E+00
  0.00000E+00  0.00000E+00  0.00000E+00  0.00000E+00  0.00000E+00  0.00000E+00

 jn =   13
  0.00000E+00  0.00000E+00  0.00000E+00  0.00000E+00  0.00000E+00  0.00000E+00
  0.00000E+00  0.00000E+00  0.00000E+00  0.00000E+00  0.00000E+00  0.00000E+00
  0.00000E+00  0.00000E+00  0.00000E+00  0.00000E+00  0.00000E+00  0.00000E+00
  0.00000E+00  0.00000E+00  0.00000E+00  0.00000E+00  0.00000E+00  0.00000E+00
  0.00000E+00  0.00000E+00  0.00000E+00  0.00000E+00  0.00000E+00  0.00000E+00
  0.00000E+00  0.00000E+00  0.00000E+00  0.00000E+00  0.00000E+00  0.00000E+00
  0.00000E+00  0.00000E+00  0.00000E+00  0.00000E+00  0.00000E+00  0.00000E+00
  0.00000E+00  0.00000E+00  0.00000E+00  0.00000E+00  0.00000E+00  0.00000E+00
  0.00000E+00  0.00000E+00  0.00000E+00  0.00000E+00  0.00000E+00  0.00000E+00
  0.00000E+00  0.00000E+00  0.00000E+00  0.00000E+00  0.00000E+00  0.00000E+00

 jn =   14
  0.00000E+00  0.00000E+00  0.00000E+00  0.00000E+00  0.00000E+00  0.00000E+00
  0.00000E+00  0.00000E+00  0.00000E+00  0.00000E+00  0.00000E+00  0.00000E+00
  0.00000E+00  0.00000E+00  0.00000E+00  0.00000E+00  0.00000E+00  0.00000E+00
  0.00000E+00  0.00000E+00  0.00000E+00  0.00000E+00  0.00000E+00  0.00000E+00
  0.00000E+00  0.00000E+00  0.00000E+00  0.00000E+00  0.00000E+00  0.00000E+00
  0.00000E+00  0.00000E+00  0.00000E+00  0.00000E+00  0.00000E+00  0.00000E+00
  0.00000E+00  0.00000E+00  0.00000E+00  0.00000E+00  0.00000E+00  0.00000E+00
  0.00000E+00  0.00000E+00  0.00000E+00  0.00000E+00  0.00000E+00  0.00000E+00
  0.00000E+00  0.00000E+00  0.00000E+00  0.00000E+00  0.00000E+00  0.00000E+00
  0.00000E+00  0.00000E+00  0.00000E+00  0.00000E+00  0.00000E+00  0.00000E+00

 jn =   15
  0.00000E+00  0.00000E+00  0.00000E+00  0.00000E+00  0.00000E+00  0.00000E+00
  0.00000E+00  0.00000E+00  0.00000E+00  0.00000E+00  0.00000E+00  0.00000E+00
  0.00000E+00  0.00000E+00  0.00000E+00  0.00000E+00  0.00000E+00  0.00000E+00
  0.00000E+00  0.00000E+00  0.00000E+00  0.00000E+00  0.00000E+00  0.00000E+00
  0.00000E+00  0.00000E+00  0.00000E+00  0.00000E+00  0.00000E+00  0.00000E+00
  0.00000E+00  0.00000E+00  0.00000E+00  0.00000E+00  0.00000E+00  0.00000E+00
  0.00000E+00  0.00000E+00  0.00000E+00  0.00000E+00  0.00000E+00  0.00000E+00
  0.00000E+00  0.00000E+00  0.00000E+00  0.00000E+00  0.00000E+00  0.00000E+00
  0.00000E+00  0.00000E+00  0.00000E+00  0.00000E+00  0.00000E+00  0.00000E+00
  0.00000E+00  0.00000E+00  0.00000E+00  0.00000E+00  0.00000E+00  0.00000E+00

