 H0 depl. Rate(jt,jn) (cm**3 s**-1)  Te(jt) = 10**(-1.2 + (jt-1)/10) jt= 1,60
 jn =   1; jt = 1 -> 60 going by rows   ne(jn) = 10**(10 + 0.5*(jn-1)) jn=1,15
 -1.00000E-89 -8.23514E-69 -2.71317E-57 -2.66585E-45 -8.79947E-36 -3.16283E-28
 -3.15323E-22 -1.83420E-17 -1.12534E-13 -1.16683E-10 -2.97480E-08 -2.51111E-06
 -8.57971E-05 -1.50074E-03 -1.51826E-02 -9.93555E-02 -4.58972E-01 -1.60312E+00
 -4.46589E+00 -1.03558E+01 -2.06751E+01 -3.65749E+01 -5.84839E+01 -8.59216E+01
 -1.17700E+02 -1.52155E+02 -1.87465E+02 -2.21895E+02 -2.53935E+02 -2.82342E+02
 -3.06141E+02 -3.24630E+02 -3.37401E+02 -3.44364E+02 -3.45743E+02 -3.42046E+02
 -3.33990E+02 -3.22410E+02 -3.08169E+02 -2.86297E+02 -2.66209E+02 -2.46946E+02
 -2.28604E+02 -2.11240E+02 -1.94798E+02 -1.79424E+02 -1.65048E+02 -1.51644E+02
 -1.39180E+02 -1.27614E+02 -1.16905E+02 -1.07006E+02 -9.78692E+01 -8.94489E+01
 -8.16984E+01 -7.45728E+01 -6.80287E+01 -6.20244E+01 -5.65204E+01 -5.14793E+01

 jn =   2
 -3.16228E-89 -3.72715E-71 -2.47682E-56 -1.61025E-44 -4.93964E-35 -1.66735E-27
 -1.57378E-21 -8.71423E-17 -5.10452E-13 -5.05952E-10 -1.23368E-07 -9.96753E-06
 -3.28516E-04 -5.53778E-03 -5.42413E-02 -3.45457E-01 -1.56121E+00 -5.35990E+00
 -1.47351E+01 -3.38266E+01 -6.70299E+01 -1.18017E+02 -1.88109E+02 -2.75652E+02
 -3.76852E+02 -4.86390E+02 -5.98496E+02 -7.07683E+02 -8.09186E+02 -8.99089E+02
 -9.74329E+02 -1.03271E+03 -1.07295E+03 -1.09479E+03 -1.09894E+03 -1.08702E+03
 -1.06131E+03 -1.02445E+03 -9.79168E+02 -9.09765E+02 -8.46001E+02 -7.84858E+02
 -7.26634E+02 -6.71510E+02 -6.19123E+02 -5.70254E+02 -5.24546E+02 -4.81928E+02
 -4.42292E+02 -4.05512E+02 -3.71454E+02 -3.39970E+02 -3.10912E+02 -2.84131E+02
 -2.59482E+02 -2.36821E+02 -2.16010E+02 -1.96917E+02 -1.79417E+02 -1.63390E+02

 jn =   3
 -1.00000E-88 -8.25491E-68 -1.32124E-55 -1.08123E-43 -3.03359E-34 -9.48783E-27
 -8.38562E-21 -4.38472E-16 -2.43932E-12 -2.30382E-09 -5.36106E-07 -4.13704E-05
 -1.31130E-03 -2.12229E-02 -2.00320E-01 -1.23534E+00 -5.43439E+00 -1.82547E+01
 -4.93352E+01 -1.11776E+02 -2.19295E+02 -3.83702E+02 -6.08955E+02 -8.89201E+02
 -1.21234E+03 -1.56123E+03 -1.91769E+03 -2.26428E+03 -2.58601E+03 -2.87057E+03
 -3.10837E+03 -3.29253E+03 -3.41911E+03 -3.48730E+03 -3.49946E+03 -3.46074E+03
 -3.37834E+03 -3.26069E+03 -3.11642E+03 -2.89589E+03 -2.69323E+03 -2.49888E+03
 -2.31381E+03 -2.13857E+03 -1.97125E+03 -1.81563E+03 -1.67008E+03 -1.53434E+03
 -1.40809E+03 -1.29094E+03 -1.18244E+03 -1.08215E+03 -9.89581E+02 -9.04268E+02
 -8.25745E+02 -7.53556E+02 -6.87263E+02 -6.26445E+02 -5.70702E+02 -5.19654E+02

 jn =   4
 -3.16228E-88 -2.29466E-69 -1.25755E-54 -8.26763E-43 -2.09207E-33 -5.97389E-26
 -4.87421E-20 -2.37870E-15 -1.24591E-11 -1.11449E-08 -2.46528E-06 -1.81168E-04
 -5.50420E-03 -8.52272E-02 -7.71722E-01 -4.58356E+00 -1.95156E+01 -6.37866E+01
 -1.68632E+02 -3.75492E+02 -7.26891E+02 -1.26137E+03 -1.98996E+03 -2.89184E+03
 -3.92796E+03 -5.04235E+03 -6.17836E+03 -7.28001E+03 -8.30063E+03 -9.20147E+03
 -9.95264E+03 -1.05327E+04 -1.09297E+04 -1.11412E+04 -1.11751E+04 -1.10477E+04
 -1.07821E+04 -1.04050E+04 -9.94375E+03 -9.24141E+03 -8.59577E+03 -7.97659E+03
 -7.38695E+03 -6.82862E+03 -6.29202E+03 -5.79516E+03 -5.33030E+03 -4.89679E+03
 -4.49356E+03 -4.11937E+03 -3.77285E+03 -3.45251E+03 -3.15687E+03 -2.88441E+03
 -2.63365E+03 -2.40314E+03 -2.19147E+03 -1.99730E+03 -1.81935E+03 -1.65640E+03

 jn =   5
 -1.61095E-87 -8.45423E-67 -1.12534E-53 -7.35597E-42 -1.66349E-32 -4.28461E-25
 -3.17867E-19 -1.42606E-14 -6.94611E-11 -5.82950E-08 -1.21751E-05 -8.47951E-04
 -2.45830E-02 -3.62783E-01 -3.13735E+00 -1.78504E+01 -7.31077E+01 -2.31009E+02
 -5.93697E+02 -1.29204E+03 -2.45657E+03 -4.21556E+03 -6.59497E+03 -9.52031E+03
 -1.28626E+04 -1.64393E+04 -2.00730E+04 -2.35814E+04 -2.68237E+04 -2.96761E+04
 -3.20469E+04 -3.38696E+04 -3.51084E+04 -3.57575E+04 -3.58423E+04 -3.54158E+04
 -3.45517E+04 -3.33345E+04 -3.18518E+04 -2.96073E+04 -2.75428E+04 -2.55630E+04
 -2.36776E+04 -2.18918E+04 -2.01603E+04 -1.85667E+04 -1.70757E+04 -1.56850E+04
 -1.43915E+04 -1.31911E+04 -1.20795E+04 -1.10521E+04 -1.01040E+04 -9.23029E+03
 -8.42632E+03 -7.68739E+03 -7.00899E+03 -6.38678E+03 -5.81666E+03 -5.29471E+03

 jn =   6
 -1.83226E-86 -2.50438E-67 -1.27811E-52 -7.77968E-41 -1.58051E-31 -3.64313E-24
 -2.41750E-18 -9.76597E-14 -4.34816E-10 -3.37719E-07 -6.58984E-05 -4.31600E-03
 -1.18625E-01 -1.66103E+00 -1.36596E+01 -7.40726E+01 -2.90015E+02 -8.79727E+02
 -2.18173E+03 -4.60760E+03 -8.55327E+03 -1.44558E+04 -2.23448E+04 -3.19482E+04
 -4.28302E+04 -5.43981E+04 -6.60850E+04 -7.72978E+04 -8.76207E+04 -9.66582E+04
 -1.04133E+05 -1.09828E+05 -1.13660E+05 -1.15611E+05 -1.15766E+05 -1.14298E+05
 -1.11444E+05 -1.07472E+05 -1.02662E+05 -9.54473E+04 -8.88059E+04 -8.24374E+04
 -7.63725E+04 -7.06216E+04 -6.49826E+04 -5.98354E+04 -5.50189E+04 -5.05262E+04
 -4.63479E+04 -4.24710E+04 -3.88812E+04 -3.55636E+04 -3.25032E+04 -2.96837E+04
 -2.70899E+04 -2.47067E+04 -2.25194E+04 -2.05139E+04 -1.86769E+04 -1.69958E+04

 jn =   7
 -1.87859E-85 -2.95121E-66 -1.73719E-51 -9.86530E-40 -1.83383E-30 -3.80019E-23
 -2.24241E-17 -8.04056E-13 -3.22285E-09 -2.28138E-06 -4.09736E-04 -2.49005E-02
 -6.41230E-01 -8.45699E+00 -6.57101E+01 -3.37408E+02 -1.25350E+03 -3.61885E+03
 -8.57877E+03 -1.74116E+04 -3.13144E+04 -5.17959E+04 -7.86421E+04 -1.10816E+05
 -1.46801E+05 -1.84662E+05 -2.22562E+05 -2.58620E+05 -2.91585E+05 -3.20232E+05
 -3.43737E+05 -3.61292E+05 -3.72930E+05 -3.78538E+05 -3.78414E+05 -3.73118E+05
 -3.63438E+05 -3.50210E+05 -3.34358E+05 -3.10922E+05 -2.89327E+05 -2.68622E+05
 -2.48908E+05 -2.30114E+05 -2.11508E+05 -1.94683E+05 -1.78938E+05 -1.64255E+05
 -1.50601E+05 -1.37936E+05 -1.26214E+05 -1.15386E+05 -1.05401E+05 -9.62076E+04
 -8.77547E+04 -7.99924E+04 -7.28723E+04 -6.63481E+04 -6.03757E+04 -5.49131E+04

 jn =   8
 -1.50603E-84 -3.49411E-65 -2.63325E-50 -1.45018E-38 -2.55498E-29 -4.90472E-22
 -2.62449E-16 -8.40388E-12 -3.00504E-08 -1.90307E-05 -3.07625E-03 -1.69689E-01
 -4.01612E+00 -4.94008E+01 -3.59946E+02 -1.73906E+03 -6.09045E+03 -1.66067E+04
 -3.72855E+04 -7.19662E+04 -1.24504E+05 -1.99803E+05 -2.95514E+05 -4.07384E+05
 -5.29887E+05 -6.56552E+05 -7.81380E+05 -8.98568E+05 -1.00432E+06 -1.09505E+06
 -1.16841E+06 -1.22133E+06 -1.25531E+06 -1.26977E+06 -1.26581E+06 -1.24492E+06
 -1.21041E+06 -1.16451E+06 -1.11052E+06 -1.03271E+06 -9.60887E+05 -8.92069E+05
 -8.26585E+05 -7.63042E+05 -7.00388E+05 -6.44105E+05 -5.91476E+05 -5.42425E+05
 -4.96860E+05 -4.54634E+05 -4.15593E+05 -3.79571E+05 -3.46390E+05 -3.15872E+05
 -2.87846E+05 -2.62138E+05 -2.38585E+05 -2.17027E+05 -1.97314E+05 -1.79305E+05

 jn =   9
 -1.00000E-85 -9.02381E-64 -3.83436E-49 -2.11526E-37 -3.67921E-28 -6.81104E-21
 -3.41408E-15 -9.98793E-11 -3.21535E-07 -1.82402E-04 -2.64770E-02 -1.32016E+00
 -2.85639E+01 -3.27481E+02 -2.23582E+03 -1.01543E+04 -3.34763E+04 -8.59961E+04
 -1.82096E+05 -3.32143E+05 -5.51275E+05 -8.51515E+05 -1.21694E+06 -1.62870E+06
 -2.06542E+06 -2.50466E+06 -2.92679E+06 -3.31435E+06 -3.65625E+06 -3.94290E+06
 -4.16845E+06 -4.32367E+06 -4.41594E+06 -4.44400E+06 -4.41218E+06 -4.32027E+06
 -4.18850E+06 -4.01906E+06 -3.82539E+06 -3.55724E+06 -3.30892E+06 -3.07113E+06
 -2.84498E+06 -2.61614E+06 -2.39701E+06 -2.20041E+06 -2.01677E+06 -1.84590E+06
 -1.68743E+06 -1.54087E+06 -1.40567E+06 -1.28121E+06 -1.16684E+06 -1.06192E+06
 -9.65804E+05 -8.77868E+05 -7.97504E+05 -7.24135E+05 -6.57213E+05 -5.96219E+05

 jn =   10
 -3.62501E-83 -9.55728E-63 -4.57035E-48 -2.56609E-36 -4.50789E-27 -8.28330E-20
 -4.02159E-14 -1.11574E-09 -3.35837E-06 -1.76840E-03 -2.37375E-01 -1.09220E+01
 -2.18437E+02 -2.33419E+03 -1.48795E+04 -6.32645E+04 -1.95848E+05 -4.73836E+05
 -9.47561E+05 -1.63654E+06 -2.61146E+06 -3.88122E+06 -5.35702E+06 -6.95458E+06
 -8.58881E+06 -1.01798E+07 -1.16626E+07 -1.29857E+07 -1.41178E+07 -1.50364E+07
 -1.57298E+07 -1.61786E+07 -1.64076E+07 -1.64197E+07 -1.62325E+07 -1.58170E+07
 -1.52903E+07 -1.46333E+07 -1.39037E+07 -1.29404E+07 -1.20421E+07 -1.11807E+07
 -1.03602E+07 -9.46656E+06 -8.65708E+06 -7.92732E+06 -7.24598E+06 -6.61273E+06
 -6.02645E+06 -5.48548E+06 -4.98770E+06 -4.53078E+06 -4.11232E+06 -3.72972E+06
 -3.38054E+06 -3.06224E+06 -2.77249E+06 -2.50901E+06 -2.26964E+06 -2.05236E+06

 jn =   11
 -6.62317E-78 -9.08798E-62 -4.27658E-47 -2.45697E-35 -4.39889E-26 -8.16171E-19
 -3.94672E-13 -1.07648E-08 -3.14271E-05 -1.57904E-02 -1.98519E+00 -8.42615E+01
 -1.54413E+03 -1.50839E+04 -8.83838E+04 -3.48677E+05 -1.01215E+06 -2.31817E+06
 -4.42230E+06 -7.32915E+06 -1.13559E+07 -1.64255E+07 -2.21454E+07 -2.81825E+07
 -3.42211E+07 -3.99837E+07 -4.52550E+07 -4.98787E+07 -5.37636E+07 -5.68549E+07
 -5.91325E+07 -6.05690E+07 -6.12316E+07 -6.11518E+07 -6.03980E+07 -5.88607E+07
 -5.69511E+07 -5.45952E+07 -5.19895E+07 -4.86271E+07 -4.54567E+07 -4.23923E+07
 -3.94510E+07 -3.59069E+07 -3.28849E+07 -3.01241E+07 -2.75291E+07 -2.51038E+07
 -2.28480E+07 -2.07590E+07 -1.88319E+07 -1.70601E+07 -1.54361E+07 -1.39516E+07
 -1.25979E+07 -1.13661E+07 -1.02473E+07 -9.23290E+06 -8.31453E+06 -7.48414E+06

 jn =   12
 -4.27470E-82 -6.18707E-61 -3.00033E-46 -1.77308E-34 -3.26910E-25 -6.21799E-18
 -3.06168E-12 -8.41779E-08 -2.42709E-04 -1.16322E-01 -1.34411E+01 -5.13927E+02
 -8.48850E+03 -7.51499E+04 -4.06479E+05 -1.50689E+06 -4.17228E+06 -9.21671E+06
 -1.70937E+07 -2.76958E+07 -4.22385E+07 -6.02759E+07 -8.03737E+07 -1.01377E+08
 -1.22214E+08 -1.41971E+08 -1.59948E+08 -1.75659E+08 -1.88821E+08 -1.99285E+08
 -2.07005E+08 -2.11968E+08 -2.14334E+08 -2.14245E+08 -2.11935E+08 -2.07312E+08
 -2.01296E+08 -1.93883E+08 -1.85588E+08 -1.74842E+08 -1.64650E+08 -1.54741E+08
 -1.45169E+08 -1.32465E+08 -1.22128E+08 -1.12556E+08 -1.03458E+08 -9.48607E+07
 -8.67770E+07 -7.92103E+07 -7.21562E+07 -6.56040E+07 -5.95390E+07 -5.39428E+07
 -4.87946E+07 -4.40717E+07 -3.97508E+07 -3.58071E+07 -3.22167E+07 -2.89548E+07

 jn =   13
 -1.38886E-81 -3.06773E-60 -1.51393E-45 -9.17509E-34 -1.73972E-24 -3.41627E-17
 -1.73068E-11 -4.85262E-07 -1.39073E-03 -6.32804E-01 -6.68092E+01 -2.31948E+03
 -3.53317E+04 -2.92803E+05 -1.51144E+06 -5.42325E+06 -1.46777E+07 -3.18987E+07
 -5.84524E+07 -9.38334E+07 -1.42194E+08 -2.01856E+08 -2.68050E+08 -3.37000E+08
 -4.05242E+08 -4.69837E+08 -5.28553E+08 -5.79866E+08 -6.22883E+08 -6.57156E+08
 -6.82565E+08 -6.99171E+08 -7.07385E+08 -7.07719E+08 -7.00928E+08 -6.87396E+08
 -6.69029E+08 -6.46425E+08 -6.20913E+08 -5.87614E+08 -5.56053E+08 -5.25366E+08
 -4.95716E+08 -4.53956E+08 -4.20963E+08 -3.90253E+08 -3.60915E+08 -3.33040E+08
 -3.06676E+08 -2.81842E+08 -2.58534E+08 -2.36728E+08 -2.16388E+08 -1.97464E+08
 -1.79904E+08 -1.63646E+08 -1.48627E+08 -1.34783E+08 -1.22048E+08 -1.10356E+08

 jn =   14
 -4.48174E-81 -1.18212E-59 -6.03163E-45 -3.66720E-33 -7.03613E-24 -1.40318E-16
 -7.27046E-11 -2.06960E-06 -5.91159E-03 -2.59152E+00 -2.58135E+02 -8.49059E+03
 -1.24288E+05 -1.00016E+06 -5.06439E+06 -1.79437E+07 -4.81485E+07 -1.04021E+08
 -1.89798E+08 -3.03742E+08 -4.59299E+08 -6.50920E+08 -8.63197E+08 -1.08410E+09
 -1.30252E+09 -1.50917E+09 -1.69696E+09 -1.86111E+09 -1.99877E+09 -2.10858E+09
 -2.19016E+09 -2.24384E+09 -2.27080E+09 -2.27273E+09 -2.25204E+09 -2.21087E+09
 -2.15387E+09 -2.08380E+09 -2.00443E+09 -1.90045E+09 -1.80202E+09 -1.70641E+09
 -1.61413E+09 -1.48081E+09 -1.37690E+09 -1.28008E+09 -1.18749E+09 -1.09941E+09
 -1.01600E+09 -9.37309E+08 -8.63337E+08 -7.94007E+08 -7.29202E+08 -6.68774E+08
 -6.12549E+08 -5.60340E+08 -5.11951E+08 -4.67173E+08 -4.25807E+08 -3.87651E+08

 jn =   15
 -1.72232E-80 -4.23717E-59 -2.03219E-44 -1.23882E-32 -2.50993E-23 -4.98024E-16
 -2.57731E-10 -7.37279E-06 -2.10281E-02 -9.05148E+00 -8.78487E+02 -2.82727E+04
 -4.07609E+05 -3.24564E+06 -1.63242E+07 -5.75830E+07 -1.54043E+08 -3.32149E+08
 -6.05218E+08 -9.67522E+08 -1.46209E+09 -2.07114E+09 -2.74539E+09 -3.44679E+09
 -4.14067E+09 -4.79679E+09 -5.39334E+09 -5.91455E+09 -6.35178E+09 -6.70040E+09
 -6.95961E+09 -7.13052E+09 -7.21676E+09 -7.22375E+09 -7.15913E+09 -7.03073E+09
 -6.85171E+09 -6.63171E+09 -6.38224E+09 -6.05500E+09 -5.74545E+09 -5.44489E+09
 -5.15497E+09 -4.73231E+09 -4.40452E+09 -4.09908E+09 -3.80692E+09 -3.52893E+09
 -3.26561E+09 -3.01718E+09 -2.78357E+09 -2.56458E+09 -2.35982E+09 -2.16882E+09
 -1.99104E+09 -1.82589E+09 -1.67273E+09 -1.53092E+09 -1.39982E+09 -1.27877E+09

 H2->H0 Rate(jt,jn) (cm**3 s**-1)
 jn =   1
  1.03607E-56  3.21480E-46  1.75428E-37  3.12889E-30  3.11652E-24  2.74912E-19
  3.18872E-15  6.81432E-12  3.57309E-09  5.85696E-07  3.67952E-05  1.05064E-03
  1.57144E-02  1.38475E-01  7.91965E-01  3.18229E+00  9.58383E+00  2.27965E+01
  4.46804E+01  7.46614E+01  1.09321E+02  1.43385E+02  1.71472E+02  1.89668E+02
  1.96324E+02  1.92001E+02  1.78836E+02  1.59719E+02  1.37567E+02  1.14842E+02
  9.33290E+01  7.41192E+01  5.77187E+01  4.42051E+01  3.33835E+01  2.49162E+01
  1.84150E+01  1.34996E+01  9.82967E+00  7.11767E+00  5.13039E+00  3.68422E+00
  2.63782E+00  1.88424E+00  1.34360E+00  9.56891E-01  6.80873E-01  4.84090E-01
  3.43802E-01  2.43668E-01  1.72008E-01  1.20529E-01  8.33838E-02  5.64903E-02
  3.70369E-02  2.31127E-02  1.34199E-02  7.03233E-03  3.19521E-03  1.19513E-03

 jn =   2
  3.27634E-56  1.01661E-45  5.54752E-37  9.89443E-30  9.85530E-24  8.69349E-19
  1.00836E-14  2.15488E-11  1.12991E-08  1.85213E-06  1.16357E-04  3.32240E-03
  4.96933E-02  4.37896E-01  2.50441E+00  1.00633E+01  3.03067E+01  7.20888E+01
  1.41292E+02  2.36100E+02  3.45704E+02  4.53424E+02  5.42242E+02  5.99782E+02
  6.20831E+02  6.07160E+02  5.65528E+02  5.05074E+02  4.35025E+02  3.63163E+02
  2.95132E+02  2.34385E+02  1.82523E+02  1.39789E+02  1.05568E+02  7.87921E+01
  5.82333E+01  4.26895E+01  3.10841E+01  2.25081E+01  1.62237E+01  1.16505E+01
  8.34152E+00  5.95848E+00  4.24883E+00  3.02596E+00  2.15311E+00  1.53083E+00
  1.08720E+00  7.70545E-01  5.43938E-01  3.81147E-01  2.63683E-01  1.78638E-01
  1.17121E-01  7.30888E-02  4.24374E-02  2.22382E-02  1.01041E-02  3.77934E-03

 jn =   3
  1.03607E-55  3.21480E-45  1.75428E-36  3.12889E-29  3.11652E-23  2.74912E-18
  3.18872E-14  6.81432E-11  3.57309E-08  5.85696E-06  3.67952E-04  1.05064E-02
  1.57144E-01  1.38475E+00  7.91965E+00  3.18229E+01  9.58383E+01  2.27965E+02
  4.46804E+02  7.46614E+02  1.09321E+03  1.43385E+03  1.71472E+03  1.89668E+03
  1.96324E+03  1.92001E+03  1.78836E+03  1.59719E+03  1.37567E+03  1.14842E+03
  9.33290E+02  7.41192E+02  5.77187E+02  4.42051E+02  3.33835E+02  2.49162E+02
  1.84150E+02  1.34996E+02  9.82967E+01  7.11767E+01  5.13039E+01  3.68422E+01
  2.63782E+01  1.88424E+01  1.34360E+01  9.56891E+00  6.80873E+00  4.84090E+00
  3.43802E+00  2.43668E+00  1.72008E+00  1.20529E+00  8.33838E-01  5.64903E-01
  3.70369E-01  2.31127E-01  1.34199E-01  7.03233E-02  3.19521E-02  1.19513E-02

 jn =   4
  3.27634E-55  1.01661E-44  5.54752E-36  9.89443E-29  9.85530E-23  8.69349E-18
  1.00836E-13  2.15488E-10  1.12991E-07  1.85213E-05  1.16357E-03  3.32240E-02
  4.96933E-01  4.37896E+00  2.50441E+01  1.00633E+02  3.03067E+02  7.20888E+02
  1.41292E+03  2.36100E+03  3.45704E+03  4.53424E+03  5.42242E+03  5.99782E+03
  6.20831E+03  6.07160E+03  5.65528E+03  5.05074E+03  4.35025E+03  3.63163E+03
  2.95132E+03  2.34385E+03  1.82523E+03  1.39789E+03  1.05568E+03  7.87921E+02
  5.82333E+02  4.26895E+02  3.10841E+02  2.25081E+02  1.62237E+02  1.16505E+02
  8.34152E+01  5.95848E+01  4.24883E+01  3.02596E+01  2.15311E+01  1.53083E+01
  1.08720E+01  7.70545E+00  5.43938E+00  3.81147E+00  2.63683E+00  1.78638E+00
  1.17121E+00  7.30888E-01  4.24374E-01  2.22382E-01  1.01041E-01  3.77934E-02

 jn =   5
  1.03607E-54  3.21480E-44  1.75428E-35  3.12889E-28  3.11652E-22  2.74912E-17
  3.18872E-13  6.81432E-10  3.57309E-07  5.85696E-05  3.67952E-03  1.05064E-01
  1.57144E+00  1.38475E+01  7.91965E+01  3.18229E+02  9.58383E+02  2.27965E+03
  4.46804E+03  7.46614E+03  1.09321E+04  1.43385E+04  1.71472E+04  1.89668E+04
  1.96324E+04  1.92001E+04  1.78836E+04  1.59719E+04  1.37567E+04  1.14842E+04
  9.33290E+03  7.41192E+03  5.77187E+03  4.42051E+03  3.33835E+03  2.49162E+03
  1.84150E+03  1.34996E+03  9.82967E+02  7.11767E+02  5.13039E+02  3.68422E+02
  2.63782E+02  1.88424E+02  1.34360E+02  9.56891E+01  6.80873E+01  4.84090E+01
  3.43802E+01  2.43668E+01  1.72008E+01  1.20529E+01  8.33838E+00  5.64903E+00
  3.70369E+00  2.31127E+00  1.34199E+00  7.03233E-01  3.19521E-01  1.19513E-01

 jn =   6
  3.27634E-54  1.01661E-43  5.54752E-35  9.89443E-28  9.85530E-22  8.69349E-17
  1.00836E-12  2.15488E-09  1.12991E-06  1.85213E-04  1.16357E-02  3.32240E-01
  4.96933E+00  4.37896E+01  2.50441E+02  1.00633E+03  3.03067E+03  7.20888E+03
  1.41292E+04  2.36100E+04  3.45704E+04  4.53424E+04  5.42242E+04  5.99782E+04
  6.20831E+04  6.07160E+04  5.65528E+04  5.05074E+04  4.35025E+04  3.63163E+04
  2.95132E+04  2.34385E+04  1.82523E+04  1.39789E+04  1.05568E+04  7.87921E+03
  5.82333E+03  4.26895E+03  3.10841E+03  2.25081E+03  1.62237E+03  1.16505E+03
  8.34152E+02  5.95848E+02  4.24883E+02  3.02596E+02  2.15311E+02  1.53083E+02
  1.08720E+02  7.70545E+01  5.43938E+01  3.81147E+01  2.63683E+01  1.78638E+01
  1.17121E+01  7.30888E+00  4.24374E+00  2.22382E+00  1.01041E+00  3.77934E-01

 jn =   7
  1.03607E-53  3.21480E-43  1.75428E-34  3.12889E-27  3.11652E-21  2.74912E-16
  3.18872E-12  6.81432E-09  3.57309E-06  5.85696E-04  3.67952E-02  1.05064E+00
  1.57144E+01  1.38475E+02  7.91965E+02  3.18229E+03  9.58383E+03  2.27965E+04
  4.46804E+04  7.46614E+04  1.09321E+05  1.43385E+05  1.71472E+05  1.89668E+05
  1.96324E+05  1.92001E+05  1.78836E+05  1.59719E+05  1.37567E+05  1.14842E+05
  9.33290E+04  7.41192E+04  5.77187E+04  4.42051E+04  3.33835E+04  2.49162E+04
  1.84150E+04  1.34996E+04  9.82967E+03  7.11767E+03  5.13039E+03  3.68422E+03
  2.63782E+03  1.88424E+03  1.34360E+03  9.56891E+02  6.80873E+02  4.84090E+02
  3.43802E+02  2.43668E+02  1.72008E+02  1.20529E+02  8.33838E+01  5.64903E+01
  3.70369E+01  2.31127E+01  1.34199E+01  7.03233E+00  3.19521E+00  1.19513E+00

 jn =   8
  3.27634E-53  1.01661E-42  5.54752E-34  9.89443E-27  9.85530E-21  8.69349E-16
  1.00836E-11  2.15488E-08  1.12991E-05  1.85213E-03  1.16357E-01  3.32240E+00
  4.96933E+01  4.37896E+02  2.50441E+03  1.00633E+04  3.03067E+04  7.20888E+04
  1.41292E+05  2.36100E+05  3.45704E+05  4.53424E+05  5.42242E+05  5.99782E+05
  6.20831E+05  6.07160E+05  5.65528E+05  5.05074E+05  4.35025E+05  3.63163E+05
  2.95132E+05  2.34385E+05  1.82523E+05  1.39789E+05  1.05568E+05  7.87921E+04
  5.82333E+04  4.26895E+04  3.10841E+04  2.25081E+04  1.62237E+04  1.16505E+04
  8.34152E+03  5.95848E+03  4.24883E+03  3.02596E+03  2.15311E+03  1.53083E+03
  1.08720E+03  7.70545E+02  5.43938E+02  3.81147E+02  2.63683E+02  1.78638E+02
  1.17121E+02  7.30888E+01  4.24374E+01  2.22382E+01  1.01041E+01  3.77934E+00

 jn =   9
  1.03607E-52  3.21480E-42  1.75428E-33  3.12889E-26  3.11652E-20  2.74912E-15
  3.18872E-11  6.81432E-08  3.57309E-05  5.85696E-03  3.67952E-01  1.05064E+01
  1.57144E+02  1.38475E+03  7.91965E+03  3.18229E+04  9.58383E+04  2.27965E+05
  4.46804E+05  7.46614E+05  1.09321E+06  1.43385E+06  1.71472E+06  1.89668E+06
  1.96324E+06  1.92001E+06  1.78836E+06  1.59719E+06  1.37567E+06  1.14842E+06
  9.33290E+05  7.41192E+05  5.77187E+05  4.42051E+05  3.33835E+05  2.49162E+05
  1.84150E+05  1.34996E+05  9.82967E+04  7.11767E+04  5.13039E+04  3.68422E+04
  2.63782E+04  1.88424E+04  1.34360E+04  9.56891E+03  6.80873E+03  4.84090E+03
  3.43802E+03  2.43668E+03  1.72008E+03  1.20529E+03  8.33838E+02  5.64903E+02
  3.70369E+02  2.31127E+02  1.34199E+02  7.03233E+01  3.19521E+01  1.19513E+01

 jn =   10
  3.27634E-52  1.01661E-41  5.54752E-33  9.89443E-26  9.85530E-20  8.69349E-15
  1.00836E-10  2.15488E-07  1.12991E-04  1.85213E-02  1.16357E+00  3.32240E+01
  4.96933E+02  4.37896E+03  2.50441E+04  1.00633E+05  3.03067E+05  7.20888E+05
  1.41292E+06  2.36100E+06  3.45704E+06  4.53424E+06  5.42242E+06  5.99782E+06
  6.20831E+06  6.07160E+06  5.65528E+06  5.05074E+06  4.35025E+06  3.63163E+06
  2.95132E+06  2.34385E+06  1.82523E+06  1.39789E+06  1.05568E+06  7.87921E+05
  5.82333E+05  4.26895E+05  3.10841E+05  2.25081E+05  1.62237E+05  1.16505E+05
  8.34152E+04  5.95848E+04  4.24883E+04  3.02596E+04  2.15311E+04  1.53083E+04
  1.08720E+04  7.70545E+03  5.43938E+03  3.81147E+03  2.63683E+03  1.78638E+03
  1.17121E+03  7.30888E+02  4.24374E+02  2.22382E+02  1.01041E+02  3.77934E+01

 jn =   11
  1.03607E-51  3.21480E-41  1.75428E-32  3.12889E-25  3.11652E-19  2.74912E-14
  3.18872E-10  6.81432E-07  3.57309E-04  5.85696E-02  3.67952E+00  1.05064E+02
  1.57144E+03  1.38475E+04  7.91965E+04  3.18229E+05  9.58383E+05  2.27965E+06
  4.46804E+06  7.46614E+06  1.09321E+07  1.43385E+07  1.71472E+07  1.89668E+07
  1.96324E+07  1.92001E+07  1.78836E+07  1.59719E+07  1.37567E+07  1.14842E+07
  9.33290E+06  7.41192E+06  5.77187E+06  4.42051E+06  3.33835E+06  2.49162E+06
  1.84150E+06  1.34996E+06  9.82967E+05  7.11767E+05  5.13039E+05  3.68422E+05
  2.63782E+05  1.88424E+05  1.34360E+05  9.56891E+04  6.80873E+04  4.84090E+04
  3.43802E+04  2.43668E+04  1.72008E+04  1.20529E+04  8.33838E+03  5.64903E+03
  3.70369E+03  2.31127E+03  1.34199E+03  7.03233E+02  3.19521E+02  1.19513E+02

 jn =   12
  3.27634E-51  1.01661E-40  5.54752E-32  9.89443E-25  9.85530E-19  8.69349E-14
  1.00836E-09  2.15488E-06  1.12991E-03  1.85213E-01  1.16357E+01  3.32240E+02
  4.96933E+03  4.37896E+04  2.50441E+05  1.00633E+06  3.03067E+06  7.20888E+06
  1.41292E+07  2.36100E+07  3.45704E+07  4.53424E+07  5.42242E+07  5.99782E+07
  6.20831E+07  6.07160E+07  5.65528E+07  5.05074E+07  4.35025E+07  3.63163E+07
  2.95132E+07  2.34385E+07  1.82523E+07  1.39789E+07  1.05568E+07  7.87921E+06
  5.82333E+06  4.26895E+06  3.10841E+06  2.25081E+06  1.62237E+06  1.16505E+06
  8.34152E+05  5.95848E+05  4.24883E+05  3.02596E+05  2.15311E+05  1.53083E+05
  1.08720E+05  7.70545E+04  5.43938E+04  3.81147E+04  2.63683E+04  1.78638E+04
  1.17121E+04  7.30888E+03  4.24374E+03  2.22382E+03  1.01041E+03  3.77934E+02

 jn =   13
  1.03607E-50  3.21480E-40  1.75428E-31  3.12889E-24  3.11652E-18  2.74912E-13
  3.18872E-09  6.81432E-06  3.57309E-03  5.85696E-01  3.67952E+01  1.05064E+03
  1.57144E+04  1.38475E+05  7.91965E+05  3.18229E+06  9.58383E+06  2.27965E+07
  4.46804E+07  7.46614E+07  1.09321E+08  1.43385E+08  1.71472E+08  1.89668E+08
  1.96324E+08  1.92001E+08  1.78836E+08  1.59719E+08  1.37567E+08  1.14842E+08
  9.33290E+07  7.41192E+07  5.77187E+07  4.42051E+07  3.33835E+07  2.49162E+07
  1.84150E+07  1.34996E+07  9.82967E+06  7.11767E+06  5.13039E+06  3.68422E+06
  2.63782E+06  1.88424E+06  1.34360E+06  9.56891E+05  6.80873E+05  4.84090E+05
  3.43802E+05  2.43668E+05  1.72008E+05  1.20529E+05  8.33838E+04  5.64903E+04
  3.70369E+04  2.31127E+04  1.34199E+04  7.03233E+03  3.19521E+03  1.19513E+03

 jn =   14
  3.27634E-50  1.01661E-39  5.54752E-31  9.89443E-24  9.85530E-18  8.69349E-13
  1.00836E-08  2.15488E-05  1.12991E-02  1.85213E+00  1.16357E+02  3.32240E+03
  4.96933E+04  4.37896E+05  2.50441E+06  1.00633E+07  3.03067E+07  7.20888E+07
  1.41292E+08  2.36100E+08  3.45704E+08  4.53424E+08  5.42242E+08  5.99782E+08
  6.20831E+08  6.07160E+08  5.65528E+08  5.05074E+08  4.35025E+08  3.63163E+08
  2.95132E+08  2.34385E+08  1.82523E+08  1.39789E+08  1.05568E+08  7.87921E+07
  5.82333E+07  4.26895E+07  3.10841E+07  2.25081E+07  1.62237E+07  1.16505E+07
  8.34152E+06  5.95848E+06  4.24883E+06  3.02596E+06  2.15311E+06  1.53083E+06
  1.08720E+06  7.70545E+05  5.43938E+05  3.81147E+05  2.63683E+05  1.78638E+05
  1.17121E+05  7.30888E+04  4.24374E+04  2.22382E+04  1.01041E+04  3.77934E+03

 jn =   15
  1.03607E-49  3.21480E-39  1.75428E-30  3.12889E-23  3.11652E-17  2.74912E-12
  3.18872E-08  6.81432E-05  3.57309E-02  5.85696E+00  3.67952E+02  1.05064E+04
  1.57144E+05  1.38475E+06  7.91965E+06  3.18229E+07  9.58383E+07  2.27965E+08
  4.46804E+08  7.46614E+08  1.09321E+09  1.43385E+09  1.71472E+09  1.89668E+09
  1.96324E+09  1.92001E+09  1.78836E+09  1.59719E+09  1.37567E+09  1.14842E+09
  9.33290E+08  7.41192E+08  5.77187E+08  4.42051E+08  3.33835E+08  2.49162E+08
  1.84150E+08  1.34996E+08  9.82967E+07  7.11767E+07  5.13039E+07  3.68422E+07
  2.63782E+07  1.88424E+07  1.34360E+07  9.56891E+06  6.80873E+06  4.84090E+06
  3.43802E+06  2.43668E+06  1.72008E+06  1.20529E+06  8.33838E+05  5.64903E+05
  3.70369E+05  2.31127E+05  1.34199E+05  7.03233E+04  3.19521E+04  1.19513E+04

 H2 depl. Rate(jt,jn) (cm**3 s**-1)
 jn =   1
 -5.18034E-57 -1.60740E-46 -8.77140E-38 -1.56445E-30 -1.55826E-24 -1.37456E-19
 -1.59436E-15 -3.40716E-12 -1.78655E-09 -2.92848E-07 -1.83976E-05 -5.25318E-04
 -7.85721E-03 -6.92374E-02 -3.95983E-01 -1.59115E+00 -4.79191E+00 -1.13982E+01
 -2.23402E+01 -3.73307E+01 -5.46606E+01 -7.16926E+01 -8.57359E+01 -9.48338E+01
 -9.81620E+01 -9.60005E+01 -8.94178E+01 -7.98593E+01 -6.87835E+01 -5.74211E+01
 -4.66645E+01 -3.70596E+01 -2.88594E+01 -2.21025E+01 -1.66918E+01 -1.24581E+01
 -9.20750E+00 -6.74980E+00 -4.91483E+00 -3.55884E+00 -2.56520E+00 -1.84211E+00
 -1.31891E+00 -9.42118E-01 -6.71799E-01 -4.78446E-01 -3.40437E-01 -2.42045E-01
 -1.71901E-01 -1.21834E-01 -8.60041E-02 -6.02646E-02 -4.16919E-02 -2.82452E-02
 -1.85185E-02 -1.15564E-02 -6.70994E-03 -3.51616E-03 -1.59761E-03 -5.97567E-04

 jn =   2
 -1.63817E-56 -5.08304E-46 -2.77376E-37 -4.94722E-30 -4.92765E-24 -4.34674E-19
 -5.04181E-15 -1.07744E-11 -5.64955E-09 -9.26066E-07 -5.81784E-05 -1.66120E-03
 -2.48467E-02 -2.18948E-01 -1.25221E+00 -5.03165E+00 -1.51534E+01 -3.60444E+01
 -7.06460E+01 -1.18050E+02 -1.72852E+02 -2.26712E+02 -2.71121E+02 -2.99891E+02
 -3.10416E+02 -3.03580E+02 -2.82764E+02 -2.52537E+02 -2.17512E+02 -1.81582E+02
 -1.47566E+02 -1.17193E+02 -9.12613E+01 -6.98944E+01 -5.27840E+01 -3.93961E+01
 -2.91167E+01 -2.13447E+01 -1.55421E+01 -1.12540E+01 -8.11186E+00 -5.82527E+00
 -4.17076E+00 -2.97924E+00 -2.12442E+00 -1.51298E+00 -1.07655E+00 -7.65413E-01
 -5.43599E-01 -3.85273E-01 -2.71969E-01 -1.90573E-01 -1.31841E-01 -8.93191E-02
 -5.85605E-02 -3.65444E-02 -2.12187E-02 -1.11191E-02 -5.05207E-03 -1.88967E-03

 jn =   3
 -5.18034E-56 -1.60740E-45 -8.77140E-37 -1.56445E-29 -1.55826E-23 -1.37456E-18
 -1.59436E-14 -3.40716E-11 -1.78655E-08 -2.92848E-06 -1.83976E-04 -5.25318E-03
 -7.85721E-02 -6.92374E-01 -3.95983E+00 -1.59115E+01 -4.79191E+01 -1.13982E+02
 -2.23402E+02 -3.73307E+02 -5.46606E+02 -7.16926E+02 -8.57359E+02 -9.48338E+02
 -9.81620E+02 -9.60005E+02 -8.94178E+02 -7.98593E+02 -6.87835E+02 -5.74211E+02
 -4.66645E+02 -3.70596E+02 -2.88594E+02 -2.21025E+02 -1.66918E+02 -1.24581E+02
 -9.20750E+01 -6.74980E+01 -4.91483E+01 -3.55884E+01 -2.56520E+01 -1.84211E+01
 -1.31891E+01 -9.42118E+00 -6.71799E+00 -4.78446E+00 -3.40437E+00 -2.42045E+00
 -1.71901E+00 -1.21834E+00 -8.60041E-01 -6.02646E-01 -4.16919E-01 -2.82452E-01
 -1.85185E-01 -1.15564E-01 -6.70994E-02 -3.51616E-02 -1.59761E-02 -5.97567E-03

 jn =   4
 -1.63817E-55 -5.08304E-45 -2.77376E-36 -4.94722E-29 -4.92765E-23 -4.34674E-18
 -5.04181E-14 -1.07744E-10 -5.64955E-08 -9.26066E-06 -5.81784E-04 -1.66120E-02
 -2.48467E-01 -2.18948E+00 -1.25221E+01 -5.03165E+01 -1.51534E+02 -3.60444E+02
 -7.06460E+02 -1.18050E+03 -1.72852E+03 -2.26712E+03 -2.71121E+03 -2.99891E+03
 -3.10416E+03 -3.03580E+03 -2.82764E+03 -2.52537E+03 -2.17512E+03 -1.81582E+03
 -1.47566E+03 -1.17193E+03 -9.12613E+02 -6.98944E+02 -5.27840E+02 -3.93961E+02
 -2.91167E+02 -2.13447E+02 -1.55421E+02 -1.12540E+02 -8.11186E+01 -5.82527E+01
 -4.17076E+01 -2.97924E+01 -2.12442E+01 -1.51298E+01 -1.07655E+01 -7.65413E+00
 -5.43599E+00 -3.85273E+00 -2.71969E+00 -1.90573E+00 -1.31841E+00 -8.93191E-01
 -5.85605E-01 -3.65444E-01 -2.12187E-01 -1.11191E-01 -5.05207E-02 -1.88967E-02

 jn =   5
 -5.18034E-55 -1.60740E-44 -8.77140E-36 -1.56445E-28 -1.55826E-22 -1.37456E-17
 -1.59436E-13 -3.40716E-10 -1.78655E-07 -2.92848E-05 -1.83976E-03 -5.25318E-02
 -7.85721E-01 -6.92374E+00 -3.95983E+01 -1.59115E+02 -4.79191E+02 -1.13982E+03
 -2.23402E+03 -3.73307E+03 -5.46606E+03 -7.16926E+03 -8.57359E+03 -9.48338E+03
 -9.81620E+03 -9.60005E+03 -8.94178E+03 -7.98593E+03 -6.87835E+03 -5.74211E+03
 -4.66645E+03 -3.70596E+03 -2.88594E+03 -2.21025E+03 -1.66918E+03 -1.24581E+03
 -9.20750E+02 -6.74980E+02 -4.91483E+02 -3.55884E+02 -2.56520E+02 -1.84211E+02
 -1.31891E+02 -9.42118E+01 -6.71799E+01 -4.78446E+01 -3.40437E+01 -2.42045E+01
 -1.71901E+01 -1.21834E+01 -8.60041E+00 -6.02646E+00 -4.16919E+00 -2.82452E+00
 -1.85185E+00 -1.15564E+00 -6.70994E-01 -3.51616E-01 -1.59761E-01 -5.97567E-02

 jn =   6
 -1.63817E-54 -5.08304E-44 -2.77376E-35 -4.94722E-28 -4.92765E-22 -4.34674E-17
 -5.04181E-13 -1.07744E-09 -5.64955E-07 -9.26066E-05 -5.81784E-03 -1.66120E-01
 -2.48467E+00 -2.18948E+01 -1.25221E+02 -5.03165E+02 -1.51534E+03 -3.60444E+03
 -7.06460E+03 -1.18050E+04 -1.72852E+04 -2.26712E+04 -2.71121E+04 -2.99891E+04
 -3.10416E+04 -3.03580E+04 -2.82764E+04 -2.52537E+04 -2.17512E+04 -1.81582E+04
 -1.47566E+04 -1.17193E+04 -9.12613E+03 -6.98944E+03 -5.27840E+03 -3.93961E+03
 -2.91167E+03 -2.13447E+03 -1.55421E+03 -1.12540E+03 -8.11186E+02 -5.82527E+02
 -4.17076E+02 -2.97924E+02 -2.12442E+02 -1.51298E+02 -1.07655E+02 -7.65413E+01
 -5.43599E+01 -3.85273E+01 -2.71969E+01 -1.90573E+01 -1.31841E+01 -8.93191E+00
 -5.85605E+00 -3.65444E+00 -2.12187E+00 -1.11191E+00 -5.05207E-01 -1.88967E-01

 jn =   7
 -5.18034E-54 -1.60740E-43 -8.77140E-35 -1.56445E-27 -1.55826E-21 -1.37456E-16
 -1.59436E-12 -3.40716E-09 -1.78655E-06 -2.92848E-04 -1.83976E-02 -5.25318E-01
 -7.85721E+00 -6.92374E+01 -3.95983E+02 -1.59115E+03 -4.79191E+03 -1.13982E+04
 -2.23402E+04 -3.73307E+04 -5.46606E+04 -7.16926E+04 -8.57359E+04 -9.48338E+04
 -9.81620E+04 -9.60005E+04 -8.94178E+04 -7.98593E+04 -6.87835E+04 -5.74211E+04
 -4.66645E+04 -3.70596E+04 -2.88594E+04 -2.21025E+04 -1.66918E+04 -1.24581E+04
 -9.20750E+03 -6.74980E+03 -4.91483E+03 -3.55884E+03 -2.56520E+03 -1.84211E+03
 -1.31891E+03 -9.42118E+02 -6.71799E+02 -4.78446E+02 -3.40437E+02 -2.42045E+02
 -1.71901E+02 -1.21834E+02 -8.60041E+01 -6.02646E+01 -4.16919E+01 -2.82452E+01
 -1.85185E+01 -1.15564E+01 -6.70994E+00 -3.51616E+00 -1.59761E+00 -5.97567E-01

 jn =   8
 -1.63817E-53 -5.08304E-43 -2.77376E-34 -4.94722E-27 -4.92765E-21 -4.34674E-16
 -5.04181E-12 -1.07744E-08 -5.64955E-06 -9.26066E-04 -5.81784E-02 -1.66120E+00
 -2.48467E+01 -2.18948E+02 -1.25221E+03 -5.03165E+03 -1.51534E+04 -3.60444E+04
 -7.06460E+04 -1.18050E+05 -1.72852E+05 -2.26712E+05 -2.71121E+05 -2.99891E+05
 -3.10416E+05 -3.03580E+05 -2.82764E+05 -2.52537E+05 -2.17512E+05 -1.81582E+05
 -1.47566E+05 -1.17193E+05 -9.12613E+04 -6.98944E+04 -5.27840E+04 -3.93961E+04
 -2.91167E+04 -2.13447E+04 -1.55421E+04 -1.12540E+04 -8.11186E+03 -5.82527E+03
 -4.17076E+03 -2.97924E+03 -2.12442E+03 -1.51298E+03 -1.07655E+03 -7.65413E+02
 -5.43599E+02 -3.85273E+02 -2.71969E+02 -1.90573E+02 -1.31841E+02 -8.93191E+01
 -5.85605E+01 -3.65444E+01 -2.12187E+01 -1.11191E+01 -5.05207E+00 -1.88967E+00

 jn =   9
 -5.18034E-53 -1.60740E-42 -8.77140E-34 -1.56445E-26 -1.55826E-20 -1.37456E-15
 -1.59436E-11 -3.40716E-08 -1.78655E-05 -2.92848E-03 -1.83976E-01 -5.25318E+00
 -7.85721E+01 -6.92374E+02 -3.95983E+03 -1.59115E+04 -4.79191E+04 -1.13982E+05
 -2.23402E+05 -3.73307E+05 -5.46606E+05 -7.16926E+05 -8.57359E+05 -9.48338E+05
 -9.81620E+05 -9.60005E+05 -8.94178E+05 -7.98593E+05 -6.87835E+05 -5.74211E+05
 -4.66645E+05 -3.70596E+05 -2.88594E+05 -2.21025E+05 -1.66918E+05 -1.24581E+05
 -9.20750E+04 -6.74980E+04 -4.91483E+04 -3.55884E+04 -2.56520E+04 -1.84211E+04
 -1.31891E+04 -9.42118E+03 -6.71799E+03 -4.78446E+03 -3.40437E+03 -2.42045E+03
 -1.71901E+03 -1.21834E+03 -8.60041E+02 -6.02646E+02 -4.16919E+02 -2.82452E+02
 -1.85185E+02 -1.15564E+02 -6.70994E+01 -3.51616E+01 -1.59761E+01 -5.97567E+00

 jn =   10
 -1.63817E-52 -5.08304E-42 -2.77376E-33 -4.94722E-26 -4.92765E-20 -4.34674E-15
 -5.04181E-11 -1.07744E-07 -5.64955E-05 -9.26066E-03 -5.81784E-01 -1.66120E+01
 -2.48467E+02 -2.18948E+03 -1.25221E+04 -5.03165E+04 -1.51534E+05 -3.60444E+05
 -7.06460E+05 -1.18050E+06 -1.72852E+06 -2.26712E+06 -2.71121E+06 -2.99891E+06
 -3.10416E+06 -3.03580E+06 -2.82764E+06 -2.52537E+06 -2.17512E+06 -1.81582E+06
 -1.47566E+06 -1.17193E+06 -9.12613E+05 -6.98944E+05 -5.27840E+05 -3.93961E+05
 -2.91167E+05 -2.13447E+05 -1.55421E+05 -1.12540E+05 -8.11186E+04 -5.82527E+04
 -4.17076E+04 -2.97924E+04 -2.12442E+04 -1.51298E+04 -1.07655E+04 -7.65413E+03
 -5.43599E+03 -3.85273E+03 -2.71969E+03 -1.90573E+03 -1.31841E+03 -8.93191E+02
 -5.85605E+02 -3.65444E+02 -2.12187E+02 -1.11191E+02 -5.05207E+01 -1.88967E+01

 jn =   11
 -5.18034E-52 -1.60740E-41 -8.77140E-33 -1.56445E-25 -1.55826E-19 -1.37456E-14
 -1.59436E-10 -3.40716E-07 -1.78655E-04 -2.92848E-02 -1.83976E+00 -5.25318E+01
 -7.85721E+02 -6.92374E+03 -3.95983E+04 -1.59115E+05 -4.79191E+05 -1.13982E+06
 -2.23402E+06 -3.73307E+06 -5.46606E+06 -7.16926E+06 -8.57359E+06 -9.48338E+06
 -9.81620E+06 -9.60005E+06 -8.94178E+06 -7.98593E+06 -6.87835E+06 -5.74211E+06
 -4.66645E+06 -3.70596E+06 -2.88594E+06 -2.21025E+06 -1.66918E+06 -1.24581E+06
 -9.20750E+05 -6.74980E+05 -4.91483E+05 -3.55884E+05 -2.56520E+05 -1.84211E+05
 -1.31891E+05 -9.42118E+04 -6.71799E+04 -4.78446E+04 -3.40437E+04 -2.42045E+04
 -1.71901E+04 -1.21834E+04 -8.60041E+03 -6.02646E+03 -4.16919E+03 -2.82452E+03
 -1.85185E+03 -1.15564E+03 -6.70994E+02 -3.51616E+02 -1.59761E+02 -5.97567E+01

 jn =   12
 -1.63817E-51 -5.08304E-41 -2.77376E-32 -4.94722E-25 -4.92765E-19 -4.34674E-14
 -5.04181E-10 -1.07744E-06 -5.64955E-04 -9.26066E-02 -5.81784E+00 -1.66120E+02
 -2.48467E+03 -2.18948E+04 -1.25221E+05 -5.03165E+05 -1.51534E+06 -3.60444E+06
 -7.06460E+06 -1.18050E+07 -1.72852E+07 -2.26712E+07 -2.71121E+07 -2.99891E+07
 -3.10416E+07 -3.03580E+07 -2.82764E+07 -2.52537E+07 -2.17512E+07 -1.81582E+07
 -1.47566E+07 -1.17193E+07 -9.12613E+06 -6.98944E+06 -5.27840E+06 -3.93961E+06
 -2.91167E+06 -2.13447E+06 -1.55421E+06 -1.12540E+06 -8.11186E+05 -5.82527E+05
 -4.17076E+05 -2.97924E+05 -2.12442E+05 -1.51298E+05 -1.07655E+05 -7.65413E+04
 -5.43599E+04 -3.85273E+04 -2.71969E+04 -1.90573E+04 -1.31841E+04 -8.93191E+03
 -5.85605E+03 -3.65444E+03 -2.12187E+03 -1.11191E+03 -5.05207E+02 -1.88967E+02

 jn =   13
 -5.18034E-51 -1.60740E-40 -8.77140E-32 -1.56445E-24 -1.55826E-18 -1.37456E-13
 -1.59436E-09 -3.40716E-06 -1.78655E-03 -2.92848E-01 -1.83976E+01 -5.25318E+02
 -7.85721E+03 -6.92374E+04 -3.95983E+05 -1.59115E+06 -4.79191E+06 -1.13982E+07
 -2.23402E+07 -3.73307E+07 -5.46606E+07 -7.16926E+07 -8.57359E+07 -9.48338E+07
 -9.81620E+07 -9.60005E+07 -8.94178E+07 -7.98593E+07 -6.87835E+07 -5.74211E+07
 -4.66645E+07 -3.70596E+07 -2.88594E+07 -2.21025E+07 -1.66918E+07 -1.24581E+07
 -9.20750E+06 -6.74980E+06 -4.91483E+06 -3.55884E+06 -2.56520E+06 -1.84211E+06
 -1.31891E+06 -9.42118E+05 -6.71799E+05 -4.78446E+05 -3.40437E+05 -2.42045E+05
 -1.71901E+05 -1.21834E+05 -8.60041E+04 -6.02646E+04 -4.16919E+04 -2.82452E+04
 -1.85185E+04 -1.15564E+04 -6.70994E+03 -3.51616E+03 -1.59761E+03 -5.97567E+02

 jn =   14
 -1.63817E-50 -5.08304E-40 -2.77376E-31 -4.94722E-24 -4.92765E-18 -4.34674E-13
 -5.04181E-09 -1.07744E-05 -5.64955E-03 -9.26066E-01 -5.81784E+01 -1.66120E+03
 -2.48467E+04 -2.18948E+05 -1.25221E+06 -5.03165E+06 -1.51534E+07 -3.60444E+07
 -7.06460E+07 -1.18050E+08 -1.72852E+08 -2.26712E+08 -2.71121E+08 -2.99891E+08
 -3.10416E+08 -3.03580E+08 -2.82764E+08 -2.52537E+08 -2.17512E+08 -1.81582E+08
 -1.47566E+08 -1.17193E+08 -9.12613E+07 -6.98944E+07 -5.27840E+07 -3.93961E+07
 -2.91167E+07 -2.13447E+07 -1.55421E+07 -1.12540E+07 -8.11186E+06 -5.82527E+06
 -4.17076E+06 -2.97924E+06 -2.12442E+06 -1.51298E+06 -1.07655E+06 -7.65413E+05
 -5.43599E+05 -3.85273E+05 -2.71969E+05 -1.90573E+05 -1.31841E+05 -8.93191E+04
 -5.85605E+04 -3.65444E+04 -2.12187E+04 -1.11191E+04 -5.05207E+03 -1.88967E+03

 jn =   15
 -5.18034E-50 -1.60740E-39 -8.77140E-31 -1.56445E-23 -1.55826E-17 -1.37456E-12
 -1.59436E-08 -3.40716E-05 -1.78655E-02 -2.92848E+00 -1.83976E+02 -5.25318E+03
 -7.85721E+04 -6.92374E+05 -3.95983E+06 -1.59115E+07 -4.79191E+07 -1.13982E+08
 -2.23402E+08 -3.73307E+08 -5.46606E+08 -7.16926E+08 -8.57359E+08 -9.48338E+08
 -9.81620E+08 -9.60005E+08 -8.94178E+08 -7.98593E+08 -6.87835E+08 -5.74211E+08
 -4.66645E+08 -3.70596E+08 -2.88594E+08 -2.21025E+08 -1.66918E+08 -1.24581E+08
 -9.20750E+07 -6.74980E+07 -4.91483E+07 -3.55884E+07 -2.56520E+07 -1.84211E+07
 -1.31891E+07 -9.42118E+06 -6.71799E+06 -4.78446E+06 -3.40437E+06 -2.42045E+06
 -1.71901E+06 -1.21834E+06 -8.60041E+05 -6.02646E+05 -4.16919E+05 -2.82452E+05
 -1.85185E+05 -1.15564E+05 -6.70994E+04 -3.51616E+04 -1.59761E+04 -5.97567E+03

 H2 creation Rate(jt,jn) (cm**3 s**-1)
 jn =   1
  0.00000E+00  0.00000E+00  0.00000E+00  0.00000E+00  0.00000E+00  0.00000E+00
  0.00000E+00  0.00000E+00  0.00000E+00  0.00000E+00  0.00000E+00  0.00000E+00
  0.00000E+00  0.00000E+00  0.00000E+00  0.00000E+00  0.00000E+00  0.00000E+00
  0.00000E+00  0.00000E+00  0.00000E+00  0.00000E+00  0.00000E+00  0.00000E+00
  0.00000E+00  0.00000E+00  0.00000E+00  0.00000E+00  0.00000E+00  0.00000E+00
  0.00000E+00  0.00000E+00  0.00000E+00  0.00000E+00  0.00000E+00  0.00000E+00
  0.00000E+00  0.00000E+00  0.00000E+00  0.00000E+00  0.00000E+00  0.00000E+00
  0.00000E+00  0.00000E+00  0.00000E+00  0.00000E+00  0.00000E+00  0.00000E+00
  0.00000E+00  0.00000E+00  0.00000E+00  0.00000E+00  0.00000E+00  0.00000E+00
  0.00000E+00  0.00000E+00  0.00000E+00  0.00000E+00  0.00000E+00  0.00000E+00

 jn =   2
  0.00000E+00  0.00000E+00  0.00000E+00  0.00000E+00  0.00000E+00  0.00000E+00
  0.00000E+00  0.00000E+00  0.00000E+00  0.00000E+00  0.00000E+00  0.00000E+00
  0.00000E+00  0.00000E+00  0.00000E+00  0.00000E+00  0.00000E+00  0.00000E+00
  0.00000E+00  0.00000E+00  0.00000E+00  0.00000E+00  0.00000E+00  0.00000E+00
  0.00000E+00  0.00000E+00  0.00000E+00  0.00000E+00  0.00000E+00  0.00000E+00
  0.00000E+00  0.00000E+00  0.00000E+00  0.00000E+00  0.00000E+00  0.00000E+00
  0.00000E+00  0.00000E+00  0.00000E+00  0.00000E+00  0.00000E+00  0.00000E+00
  0.00000E+00  0.00000E+00  0.00000E+00  0.00000E+00  0.00000E+00  0.00000E+00
  0.00000E+00  0.00000E+00  0.00000E+00  0.00000E+00  0.00000E+00  0.00000E+00
  0.00000E+00  0.00000E+00  0.00000E+00  0.00000E+00  0.00000E+00  0.00000E+00

 jn =   3
  0.00000E+00  0.00000E+00  0.00000E+00  0.00000E+00  0.00000E+00  0.00000E+00
  0.00000E+00  0.00000E+00  0.00000E+00  0.00000E+00  0.00000E+00  0.00000E+00
  0.00000E+00  0.00000E+00  0.00000E+00  0.00000E+00  0.00000E+00  0.00000E+00
  0.00000E+00  0.00000E+00  0.00000E+00  0.00000E+00  0.00000E+00  0.00000E+00
  0.00000E+00  0.00000E+00  0.00000E+00  0.00000E+00  0.00000E+00  0.00000E+00
  0.00000E+00  0.00000E+00  0.00000E+00  0.00000E+00  0.00000E+00  0.00000E+00
  0.00000E+00  0.00000E+00  0.00000E+00  0.00000E+00  0.00000E+00  0.00000E+00
  0.00000E+00  0.00000E+00  0.00000E+00  0.00000E+00  0.00000E+00  0.00000E+00
  0.00000E+00  0.00000E+00  0.00000E+00  0.00000E+00  0.00000E+00  0.00000E+00
  0.00000E+00  0.00000E+00  0.00000E+00  0.00000E+00  0.00000E+00  0.00000E+00

 jn =   4
  0.00000E+00  0.00000E+00  0.00000E+00  0.00000E+00  0.00000E+00  0.00000E+00
  0.00000E+00  0.00000E+00  0.00000E+00  0.00000E+00  0.00000E+00  0.00000E+00
  0.00000E+00  0.00000E+00  0.00000E+00  0.00000E+00  0.00000E+00  0.00000E+00
  0.00000E+00  0.00000E+00  0.00000E+00  0.00000E+00  0.00000E+00  0.00000E+00
  0.00000E+00  0.00000E+00  0.00000E+00  0.00000E+00  0.00000E+00  0.00000E+00
  0.00000E+00  0.00000E+00  0.00000E+00  0.00000E+00  0.00000E+00  0.00000E+00
  0.00000E+00  0.00000E+00  0.00000E+00  0.00000E+00  0.00000E+00  0.00000E+00
  0.00000E+00  0.00000E+00  0.00000E+00  0.00000E+00  0.00000E+00  0.00000E+00
  0.00000E+00  0.00000E+00  0.00000E+00  0.00000E+00  0.00000E+00  0.00000E+00
  0.00000E+00  0.00000E+00  0.00000E+00  0.00000E+00  0.00000E+00  0.00000E+00

 jn =   5
  0.00000E+00  0.00000E+00  0.00000E+00  0.00000E+00  0.00000E+00  0.00000E+00
  0.00000E+00  0.00000E+00  0.00000E+00  0.00000E+00  0.00000E+00  0.00000E+00
  0.00000E+00  0.00000E+00  0.00000E+00  0.00000E+00  0.00000E+00  0.00000E+00
  0.00000E+00  0.00000E+00  0.00000E+00  0.00000E+00  0.00000E+00  0.00000E+00
  0.00000E+00  0.00000E+00  0.00000E+00  0.00000E+00  0.00000E+00  0.00000E+00
  0.00000E+00  0.00000E+00  0.00000E+00  0.00000E+00  0.00000E+00  0.00000E+00
  0.00000E+00  0.00000E+00  0.00000E+00  0.00000E+00  0.00000E+00  0.00000E+00
  0.00000E+00  0.00000E+00  0.00000E+00  0.00000E+00  0.00000E+00  0.00000E+00
  0.00000E+00  0.00000E+00  0.00000E+00  0.00000E+00  0.00000E+00  0.00000E+00
  0.00000E+00  0.00000E+00  0.00000E+00  0.00000E+00  0.00000E+00  0.00000E+00

 jn =   6
  0.00000E+00  0.00000E+00  0.00000E+00  0.00000E+00  0.00000E+00  0.00000E+00
  0.00000E+00  0.00000E+00  0.00000E+00  0.00000E+00  0.00000E+00  0.00000E+00
  0.00000E+00  0.00000E+00  0.00000E+00  0.00000E+00  0.00000E+00  0.00000E+00
  0.00000E+00  0.00000E+00  0.00000E+00  0.00000E+00  0.00000E+00  0.00000E+00
  0.00000E+00  0.00000E+00  0.00000E+00  0.00000E+00  0.00000E+00  0.00000E+00
  0.00000E+00  0.00000E+00  0.00000E+00  0.00000E+00  0.00000E+00  0.00000E+00
  0.00000E+00  0.00000E+00  0.00000E+00  0.00000E+00  0.00000E+00  0.00000E+00
  0.00000E+00  0.00000E+00  0.00000E+00  0.00000E+00  0.00000E+00  0.00000E+00
  0.00000E+00  0.00000E+00  0.00000E+00  0.00000E+00  0.00000E+00  0.00000E+00
  0.00000E+00  0.00000E+00  0.00000E+00  0.00000E+00  0.00000E+00  0.00000E+00

 jn =   7
  0.00000E+00  0.00000E+00  0.00000E+00  0.00000E+00  0.00000E+00  0.00000E+00
  0.00000E+00  0.00000E+00  0.00000E+00  0.00000E+00  0.00000E+00  0.00000E+00
  0.00000E+00  0.00000E+00  0.00000E+00  0.00000E+00  0.00000E+00  0.00000E+00
  0.00000E+00  0.00000E+00  0.00000E+00  0.00000E+00  0.00000E+00  0.00000E+00
  0.00000E+00  0.00000E+00  0.00000E+00  0.00000E+00  0.00000E+00  0.00000E+00
  0.00000E+00  0.00000E+00  0.00000E+00  0.00000E+00  0.00000E+00  0.00000E+00
  0.00000E+00  0.00000E+00  0.00000E+00  0.00000E+00  0.00000E+00  0.00000E+00
  0.00000E+00  0.00000E+00  0.00000E+00  0.00000E+00  0.00000E+00  0.00000E+00
  0.00000E+00  0.00000E+00  0.00000E+00  0.00000E+00  0.00000E+00  0.00000E+00
  0.00000E+00  0.00000E+00  0.00000E+00  0.00000E+00  0.00000E+00  0.00000E+00

 jn =   8
  0.00000E+00  0.00000E+00  0.00000E+00  0.00000E+00  0.00000E+00  0.00000E+00
  0.00000E+00  0.00000E+00  0.00000E+00  0.00000E+00  0.00000E+00  0.00000E+00
  0.00000E+00  0.00000E+00  0.00000E+00  0.00000E+00  0.00000E+00  0.00000E+00
  0.00000E+00  0.00000E+00  0.00000E+00  0.00000E+00  0.00000E+00  0.00000E+00
  0.00000E+00  0.00000E+00  0.00000E+00  0.00000E+00  0.00000E+00  0.00000E+00
  0.00000E+00  0.00000E+00  0.00000E+00  0.00000E+00  0.00000E+00  0.00000E+00
  0.00000E+00  0.00000E+00  0.00000E+00  0.00000E+00  0.00000E+00  0.00000E+00
  0.00000E+00  0.00000E+00  0.00000E+00  0.00000E+00  0.00000E+00  0.00000E+00
  0.00000E+00  0.00000E+00  0.00000E+00  0.00000E+00  0.00000E+00  0.00000E+00
  0.00000E+00  0.00000E+00  0.00000E+00  0.00000E+00  0.00000E+00  0.00000E+00

 jn =   9
  0.00000E+00  0.00000E+00  0.00000E+00  0.00000E+00  0.00000E+00  0.00000E+00
  0.00000E+00  0.00000E+00  0.00000E+00  0.00000E+00  0.00000E+00  0.00000E+00
  0.00000E+00  0.00000E+00  0.00000E+00  0.00000E+00  0.00000E+00  0.00000E+00
  0.00000E+00  0.00000E+00  0.00000E+00  0.00000E+00  0.00000E+00  0.00000E+00
  0.00000E+00  0.00000E+00  0.00000E+00  0.00000E+00  0.00000E+00  0.00000E+00
  0.00000E+00  0.00000E+00  0.00000E+00  0.00000E+00  0.00000E+00  0.00000E+00
  0.00000E+00  0.00000E+00  0.00000E+00  0.00000E+00  0.00000E+00  0.00000E+00
  0.00000E+00  0.00000E+00  0.00000E+00  0.00000E+00  0.00000E+00  0.00000E+00
  0.00000E+00  0.00000E+00  0.00000E+00  0.00000E+00  0.00000E+00  0.00000E+00
  0.00000E+00  0.00000E+00  0.00000E+00  0.00000E+00  0.00000E+00  0.00000E+00

 jn =   10
  0.00000E+00  0.00000E+00  0.00000E+00  0.00000E+00  0.00000E+00  0.00000E+00
  0.00000E+00  0.00000E+00  0.00000E+00  0.00000E+00  0.00000E+00  0.00000E+00
  0.00000E+00  0.00000E+00  0.00000E+00  0.00000E+00  0.00000E+00  0.00000E+00
  0.00000E+00  0.00000E+00  0.00000E+00  0.00000E+00  0.00000E+00  0.00000E+00
  0.00000E+00  0.00000E+00  0.00000E+00  0.00000E+00  0.00000E+00  0.00000E+00
  0.00000E+00  0.00000E+00  0.00000E+00  0.00000E+00  0.00000E+00  0.00000E+00
  0.00000E+00  0.00000E+00  0.00000E+00  0.00000E+00  0.00000E+00  0.00000E+00
  0.00000E+00  0.00000E+00  0.00000E+00  0.00000E+00  0.00000E+00  0.00000E+00
  0.00000E+00  0.00000E+00  0.00000E+00  0.00000E+00  0.00000E+00  0.00000E+00
  0.00000E+00  0.00000E+00  0.00000E+00  0.00000E+00  0.00000E+00  0.00000E+00

 jn =   11
  0.00000E+00  0.00000E+00  0.00000E+00  0.00000E+00  0.00000E+00  0.00000E+00
  0.00000E+00  0.00000E+00  0.00000E+00  0.00000E+00  0.00000E+00  0.00000E+00
  0.00000E+00  0.00000E+00  0.00000E+00  0.00000E+00  0.00000E+00  0.00000E+00
  0.00000E+00  0.00000E+00  0.00000E+00  0.00000E+00  0.00000E+00  0.00000E+00
  0.00000E+00  0.00000E+00  0.00000E+00  0.00000E+00  0.00000E+00  0.00000E+00
  0.00000E+00  0.00000E+00  0.00000E+00  0.00000E+00  0.00000E+00  0.00000E+00
  0.00000E+00  0.00000E+00  0.00000E+00  0.00000E+00  0.00000E+00  0.00000E+00
  0.00000E+00  0.00000E+00  0.00000E+00  0.00000E+00  0.00000E+00  0.00000E+00
  0.00000E+00  0.00000E+00  0.00000E+00  0.00000E+00  0.00000E+00  0.00000E+00
  0.00000E+00  0.00000E+00  0.00000E+00  0.00000E+00  0.00000E+00  0.00000E+00

 jn =   12
  0.00000E+00  0.00000E+00  0.00000E+00  0.00000E+00  0.00000E+00  0.00000E+00
  0.00000E+00  0.00000E+00  0.00000E+00  0.00000E+00  0.00000E+00  0.00000E+00
  0.00000E+00  0.00000E+00  0.00000E+00  0.00000E+00  0.00000E+00  0.00000E+00
  0.00000E+00  0.00000E+00  0.00000E+00  0.00000E+00  0.00000E+00  0.00000E+00
  0.00000E+00  0.00000E+00  0.00000E+00  0.00000E+00  0.00000E+00  0.00000E+00
  0.00000E+00  0.00000E+00  0.00000E+00  0.00000E+00  0.00000E+00  0.00000E+00
  0.00000E+00  0.00000E+00  0.00000E+00  0.00000E+00  0.00000E+00  0.00000E+00
  0.00000E+00  0.00000E+00  0.00000E+00  0.00000E+00  0.00000E+00  0.00000E+00
  0.00000E+00  0.00000E+00  0.00000E+00  0.00000E+00  0.00000E+00  0.00000E+00
  0.00000E+00  0.00000E+00  0.00000E+00  0.00000E+00  0.00000E+00  0.00000E+00

 jn =   13
  0.00000E+00  0.00000E+00  0.00000E+00  0.00000E+00  0.00000E+00  0.00000E+00
  0.00000E+00  0.00000E+00  0.00000E+00  0.00000E+00  0.00000E+00  0.00000E+00
  0.00000E+00  0.00000E+00  0.00000E+00  0.00000E+00  0.00000E+00  0.00000E+00
  0.00000E+00  0.00000E+00  0.00000E+00  0.00000E+00  0.00000E+00  0.00000E+00
  0.00000E+00  0.00000E+00  0.00000E+00  0.00000E+00  0.00000E+00  0.00000E+00
  0.00000E+00  0.00000E+00  0.00000E+00  0.00000E+00  0.00000E+00  0.00000E+00
  0.00000E+00  0.00000E+00  0.00000E+00  0.00000E+00  0.00000E+00  0.00000E+00
  0.00000E+00  0.00000E+00  0.00000E+00  0.00000E+00  0.00000E+00  0.00000E+00
  0.00000E+00  0.00000E+00  0.00000E+00  0.00000E+00  0.00000E+00  0.00000E+00
  0.00000E+00  0.00000E+00  0.00000E+00  0.00000E+00  0.00000E+00  0.00000E+00

 jn =   14
  0.00000E+00  0.00000E+00  0.00000E+00  0.00000E+00  0.00000E+00  0.00000E+00
  0.00000E+00  0.00000E+00  0.00000E+00  0.00000E+00  0.00000E+00  0.00000E+00
  0.00000E+00  0.00000E+00  0.00000E+00  0.00000E+00  0.00000E+00  0.00000E+00
  0.00000E+00  0.00000E+00  0.00000E+00  0.00000E+00  0.00000E+00  0.00000E+00
  0.00000E+00  0.00000E+00  0.00000E+00  0.00000E+00  0.00000E+00  0.00000E+00
  0.00000E+00  0.00000E+00  0.00000E+00  0.00000E+00  0.00000E+00  0.00000E+00
  0.00000E+00  0.00000E+00  0.00000E+00  0.00000E+00  0.00000E+00  0.00000E+00
  0.00000E+00  0.00000E+00  0.00000E+00  0.00000E+00  0.00000E+00  0.00000E+00
  0.00000E+00  0.00000E+00  0.00000E+00  0.00000E+00  0.00000E+00  0.00000E+00
  0.00000E+00  0.00000E+00  0.00000E+00  0.00000E+00  0.00000E+00  0.00000E+00

 jn =   15
  0.00000E+00  0.00000E+00  0.00000E+00  0.00000E+00  0.00000E+00  0.00000E+00
  0.00000E+00  0.00000E+00  0.00000E+00  0.00000E+00  0.00000E+00  0.00000E+00
  0.00000E+00  0.00000E+00  0.00000E+00  0.00000E+00  0.00000E+00  0.00000E+00
  0.00000E+00  0.00000E+00  0.00000E+00  0.00000E+00  0.00000E+00  0.00000E+00
  0.00000E+00  0.00000E+00  0.00000E+00  0.00000E+00  0.00000E+00  0.00000E+00
  0.00000E+00  0.00000E+00  0.00000E+00  0.00000E+00  0.00000E+00  0.00000E+00
  0.00000E+00  0.00000E+00  0.00000E+00  0.00000E+00  0.00000E+00  0.00000E+00
  0.00000E+00  0.00000E+00  0.00000E+00  0.00000E+00  0.00000E+00  0.00000E+00
  0.00000E+00  0.00000E+00  0.00000E+00  0.00000E+00  0.00000E+00  0.00000E+00
  0.00000E+00  0.00000E+00  0.00000E+00  0.00000E+00  0.00000E+00  0.00000E+00

 H0 external source Rate(jt,jn) (cm**-3 s**-1)
 jn =   1
  5.23562E+09  2.56421E+09  1.36798E+09  7.91489E+08  4.92355E+08  3.25884E+08
  2.27112E+08  1.65038E+08  1.23991E+08  9.56132E+07  7.52235E+07  6.00894E+07
  4.85427E+07  3.95320E+07  3.23710E+07  2.65973E+07  2.18903E+07  1.80235E+07
  1.48263E+07  1.21742E+07  9.97055E+06  8.13860E+06  6.61766E+06  5.35806E+06
  4.31833E+06  3.46341E+06  2.76382E+06  2.19433E+06  1.73330E+06  1.36222E+06
  1.06529E+06  8.29067E+05  6.42229E+05  4.95279E+05  3.80330E+05  2.90880E+05
  2.21619E+05  1.68242E+05  1.27288E+05  9.59983E+04  7.21847E+04  5.41275E+04
  4.04819E+04  3.02029E+04  2.24829E+04  1.67007E+04  1.23811E+04  9.16184E+03
  6.76794E+03  4.99147E+03  3.67574E+03  2.70301E+03  1.98505E+03  1.45598E+03
  1.06668E+03  7.80603E+02  5.70660E+02  4.16773E+02  3.04103E+02  2.21698E+02

 jn =   2
  1.19483E+11  5.22693E+10  2.49652E+10  1.30381E+10  7.40515E+09  4.53223E+09
  2.95744E+09  2.03563E+09  1.46337E+09  1.08913E+09  8.32990E+08  6.50655E+08
  5.16415E+08  4.14752E+08  3.35944E+08  2.73682E+08  2.23754E+08  1.83272E+08
  1.50150E+08  1.22900E+08  1.00405E+08  8.17979E+07  6.64123E+07  5.37086E+07
  4.32476E+07  3.46616E+07  2.76454E+07  2.19400E+07  1.73250E+07  1.36126E+07
  1.06434E+07  8.28216E+06  6.41503E+06  4.94682E+06  3.79850E+06  2.90502E+06
  2.21325E+06  1.68016E+06  1.27117E+06  9.58689E+05  7.20878E+05  5.40553E+05
  4.04285E+05  3.01635E+05  2.24540E+05  1.66796E+05  1.23658E+05  9.15071E+04
  6.75989E+04  4.98568E+04  3.67159E+04  2.70004E+04  1.98294E+04  1.45448E+04
  1.06561E+04  7.79854E+03  5.70133E+03  4.16404E+03  3.03846E+03  2.21519E+03

 jn =   3
  3.04509E+12  1.20074E+12  5.13310E+11  2.40278E+11  1.23189E+11  6.88046E+10
  4.14747E+10  2.66989E+10  1.81578E+10  1.29162E+10  9.52439E+09  7.22552E+09
  5.60335E+09  4.41859E+09  3.52780E+09  2.84170E+09  2.30287E+09  1.87325E+09
  1.52648E+09  1.24423E+09  1.01319E+09  8.23318E+08  6.67143E+08  5.38695E+08
  4.33259E+08  3.46926E+08  2.76507E+08  2.19324E+08  1.73119E+08  1.35981E+08
  1.06296E+08  8.26995E+07  6.40474E+07  4.93842E+07  3.79181E+07  2.89977E+07
  2.20919E+07  1.67706E+07  1.26882E+07  9.56918E+06  7.19553E+06  5.39568E+06
  4.03555E+06  3.01098E+06  2.24145E+06  1.66507E+06  1.23447E+06  9.13535E+05
  6.74874E+05  4.97761E+05  3.66576E+05  2.69583E+05  1.97992E+05  1.45231E+05
  1.06406E+05  7.78743E+04  5.69341E+04  4.15841E+04  3.03446E+04  2.21236E+04

 jn =   4
  8.49060E+13  3.07929E+13  1.19057E+13  4.99814E+12  2.29598E+12  1.15764E+12
  6.36225E+11  3.77936E+11  2.40078E+11  1.61343E+11  1.13563E+11  8.29673E+10
  6.24257E+10  4.80563E+10  3.76446E+10  2.98721E+10  2.39248E+10  1.92829E+10
  1.56011E+10  1.26455E+10  1.02527E+10  8.30329E+09  6.71062E+09  5.40751E+09
  4.34228E+09  3.47276E+09  2.76528E+09  2.19184E+09  1.72914E+09  1.35765E+09
  1.06094E+09  8.25238E+08  6.39009E+08  4.92655E+08  3.78239E+08  2.89243E+08
  2.20354E+08  1.67275E+08  1.26556E+08  9.54473E+07  7.17730E+07  5.38216E+07
  4.02557E+07  3.00363E+07  2.23607E+07  1.66114E+07  1.23160E+07  9.11453E+06
  6.73365E+06  4.96669E+06  3.65787E+06  2.69015E+06  1.97582E+06  1.44937E+06
  1.06195E+06  7.77230E+05  5.68258E+05  4.15067E+05  3.02893E+05  2.20842E+05

 jn =   5
  2.51294E+15  8.61810E+14  3.07765E+14  1.17046E+14  4.81415E+13  2.18157E+13
  1.08271E+13  5.86222E+12  3.43283E+12  2.15186E+12  1.42894E+12  9.95097E+11
  7.20098E+11  5.37220E+11  4.10418E+11  3.19276E+11  2.51737E+11  2.00413E+11
  1.60594E+11  1.29198E+11  1.04141E+11  8.39591E+10  6.76164E+10  5.43382E+10
  4.35422E+10  3.47661E+10  2.76488E+10  2.18943E+10  1.72598E+10  1.35443E+10
  1.05799E+10  8.22700E+09  6.36907E+09  4.90961E+09  3.76901E+09  2.88203E+09
  2.19555E+09  1.66667E+09  1.26098E+09  9.51047E+08  7.15182E+08  5.36330E+08
  4.01167E+08  2.99343E+08  2.22861E+08  1.65570E+08  1.22765E+08  9.08589E+07
  6.71293E+07  4.95173E+07  3.64709E+07  2.68239E+07  1.97025E+07  1.44538E+07
  1.05909E+07  7.75182E+06  5.66795E+06  4.14022E+06  3.02148E+06  2.20311E+06

 jn =   6
  7.66327E+16  2.55311E+16  8.66270E+15  3.05161E+15  1.13729E+15  4.64171E+14
  2.06645E+14  1.00730E+14  5.36784E+13  3.09866E+13  1.91780E+13  1.25884E+13
  8.67441E+12  6.21778E+12  4.59922E+12  3.48653E+12  2.69302E+12  2.10936E+12
  1.66877E+12  1.32915E+12  1.06301E+12  8.51821E+11  6.82782E+11  5.46705E+11
  4.36849E+11  3.48042E+11  2.76325E+11  2.18534E+11  1.72108E+11  1.34958E+11
  1.05363E+11  8.18990E+10  6.33857E+10  4.88517E+10  3.74979E+10  2.86713E+10
  2.18414E+10  1.65803E+10  1.25448E+10  9.46189E+09  7.11574E+09  5.33664E+09
  3.99207E+09  2.97907E+09  2.21813E+09  1.64807E+09  1.22211E+09  9.04581E+08
  6.68398E+08  4.93087E+08  3.63209E+08  2.67162E+08  1.96253E+08  1.43985E+08
  1.05513E+08  7.72360E+07  5.64782E+07  4.12588E+07  3.01127E+07  2.19585E+07

 jn =   7
  2.35526E+18  7.76928E+17  2.56820E+17  8.60310E+16  2.96996E+16  1.10340E+16
  4.41495E+15  1.92661E+15  9.28160E+14  4.89122E+14  2.79070E+14  1.70611E+14
  1.10638E+14  7.53847E+13  5.34848E+13  3.91962E+13  2.94623E+13  2.25810E+13
  1.75600E+13  1.37984E+13  1.09194E+13  8.67828E+12  6.91185E+12  5.50716E+12
  4.38386E+12  3.48251E+12  2.75875E+12  2.17807E+12  1.71313E+12  1.34205E+12
  1.04698E+12  8.13443E+11  6.29343E+11  4.84925E+11  3.72171E+11  2.84547E+11
  2.16761E+11  1.64554E+11  1.24511E+11  9.39205E+10  7.06397E+10  5.29846E+10
  3.96403E+10  2.95856E+10  2.20317E+10  1.63721E+10  1.21424E+10  8.98889E+09
  6.64294E+09  4.90133E+09  3.61087E+09  2.65641E+09  1.95164E+09  1.43207E+09
  1.04958E+09  7.68401E+08  5.61963E+08  4.10583E+08  2.99702E+08  2.18574E+08

 jn =   8
  7.18560E+19  2.37459E+19  7.78945E+18  2.54694E+18  8.39929E+17  2.91582E+17
  1.06702E+17  4.19319E+16  1.81855E+16  8.64739E+15  4.47779E+15  2.50788E+15
  1.50716E+15  9.64047E+14  6.49039E+14  4.55634E+14  3.30723E+14  2.46448E+14
  1.87395E+14  1.44659E+14  1.12888E+14  8.87463E+13  7.00865E+13  5.54796E+13
  4.39423E+13  3.47741E+13  2.74669E+13  2.16377E+13  1.69906E+13  1.32937E+13
  1.03614E+13  8.04572E+12  6.22226E+12  4.79321E+12  3.67823E+12  2.81228E+12
  2.14245E+12  1.62667E+12  1.23104E+12  9.28776E+11  6.98708E+11  5.24203E+11
  3.92278E+11  2.92851E+11  2.18135E+11  1.62140E+11  1.20282E+11  8.90661E+10
  6.58375E+10  4.85883E+10  3.58041E+10  2.63460E+10  1.93606E+10  1.42094E+10
  1.04165E+10  7.62758E+09  5.57951E+09  4.07733E+09  2.97680E+09  2.17141E+09

 jn =   9
  2.14888E+21  7.17547E+20  2.36556E+20  7.69847E+19  2.48750E+19  8.26315E+18
  2.81038E+18  1.00152E+18  3.89393E+17  1.65547E+17  7.70001E+16  3.90978E+16
  2.15684E+16  1.28766E+16  8.17223E+15  5.45754E+15  3.79913E+15  2.73514E+15
  2.02243E+15  1.52669E+15  1.17055E+15  9.07630E+14  7.09188E+14  5.56811E+14
  4.38280E+14  3.45213E+14  2.71715E+14  2.13494E+14  1.67323E+14  1.30736E+14
  1.01799E+14  7.89978E+13  6.10686E+13  4.70321E+13  3.60883E+13  2.75988E+13
  2.10292E+13  1.59717E+13  1.20913E+13  9.12587E+12  6.86804E+12  5.15488E+12
  3.85924E+12  2.88235E+12  2.14793E+12  1.59727E+12  1.18545E+12  8.78183E+11
  6.49434E+11  4.79490E+11  3.53478E+11  2.60209E+11  1.91293E+11  1.40451E+11
  1.02999E+11  7.54490E+10  5.52095E+10  4.03589E+10  2.94750E+10  2.15069E+10

 jn =   10
  6.20599E+22  2.11431E+22  7.07279E+21  2.32039E+21  7.47208E+20  2.42354E+20
  7.83075E+19  2.58931E+19  9.20545E+18  3.55144E+18  1.49398E+18  6.85836E+17
  3.43706E+17  1.89085E+17  1.11290E+17  6.95061E+16  4.56783E+16  3.13474E+16
  2.22962E+16  1.63196E+16  1.22152E+16  9.29733E+15  7.16187E+15  5.56245E+15
  4.34261E+15  3.39951E+15  2.66354E+15  2.08578E+15  1.63072E+15  1.27193E+15
  9.89226E+14  7.67021E+14  5.92643E+14  4.56304E+14  3.50095E+14  2.67864E+14
  2.04171E+14  1.55156E+14  1.17528E+14  8.87594E+13  6.68444E+13  5.02062E+13
  3.76144E+13  2.81135E+13  2.09655E+13  1.56021E+13  1.15878E+13  8.59037E+12
  6.35720E+12  4.69686E+12  3.46482E+12  2.55226E+12  1.87749E+12  1.37934E+12
  1.01215E+12  7.41856E+11  5.43161E+11  3.97280E+11  2.90299E+11  2.11934E+11

 jn =   11
  1.68084E+24  5.94727E+23  2.04616E+23  6.84781E+22  2.22914E+22  7.21033E+21
  2.28280E+21  7.27377E+20  2.45127E+20  8.79401E+19  3.36822E+19  1.38447E+19
  6.17606E+18  3.04358E+18  1.61878E+18  9.26160E+17  5.66110E+17  3.66604E+17
  2.49165E+17  1.76084E+17  1.28362E+17  9.57634E+16  7.26464E+16  5.57629E+16
  4.31414E+16  3.35362E+16  2.61330E+16  2.03773E+16  1.58785E+16  1.23525E+16
  9.58708E+15  7.42089E+15  5.72616E+15  4.40416E+15  3.37619E+15  2.58181E+15
  1.96708E+15  1.49452E+15  1.13198E+15  8.54932E+14  6.43962E+14  4.83819E+14
  3.62626E+14  2.71158E+14  2.02333E+14  1.50671E+14  1.11986E+14  8.30840E+13
  6.15363E+13  4.55039E+13  3.35977E+13  2.47712E+13  1.82389E+13  1.34119E+13
  9.85052E+12  7.22648E+12  5.29566E+12  3.87672E+12  2.83518E+12  2.07153E+12

 jn =   12
  4.26644E+25  1.57049E+25  5.64006E+24  1.94429E+24  6.48335E+23  2.12696E+23
  6.75409E+22  2.12889E+22  6.93217E+21  2.31429E+21  7.92709E+20  2.84948E+20
  1.11125E+20  4.83580E+19  2.31651E+19  1.21811E+19  6.96709E+18  4.28456E+18
  2.79815E+18  1.91775E+18  1.36789E+18  1.00399E+18  7.51934E+17  5.71319E+17
  4.38383E+17  3.38497E+17  2.62308E+17  2.03583E+17  1.58007E+17  1.22500E+17
  9.47927E+16  7.31767E+16  5.63305E+16  4.32321E+16  3.30761E+16  2.52399E+16
  1.91958E+16  1.45584E+16  1.10092E+16  8.30196E+15  6.24461E+15  4.68576E+15
  3.50801E+15  2.62016E+15  1.95329E+15  1.45339E+15  1.07951E+15  8.00468E+14
  5.92629E+14  4.38111E+14  3.23434E+14  2.38465E+14  1.75602E+14  1.29162E+14
  9.48990E+13  6.96526E+13  5.10719E+13  3.74125E+13  2.73815E+13  2.00226E+13

 jn =   13
  9.52006E+26  3.75266E+26  1.44886E+26  5.21498E+25  1.80055E+25  6.08447E+24
  1.96868E+24  6.22909E+23  1.97452E+23  6.10200E+22  1.85444E+22  5.85530E+21
  2.03072E+21  7.97119E+20  3.50663E+20  1.71714E+20  9.24936E+19  5.40677E+19
  3.38421E+19  2.23929E+19  1.55958E+19  1.12402E+19  8.28984E+18  6.21657E+18
  4.71671E+18  3.60675E+18  2.77139E+18  2.13502E+18  1.64623E+18  1.26886E+18
  9.76730E+17  7.50409E+17  5.75153E+17  4.39660E+17  3.35145E+17  2.54803E+17
  1.93153E+17  1.46028E+17  1.10104E+17  8.27888E+16  6.21073E+16  4.64879E+16
  3.47222E+16  2.58688E+16  1.92420E+16  1.42874E+16  1.05907E+16  7.83799E+15
  5.79217E+15  4.27441E+15  3.15027E+15  2.31896E+15  1.70509E+15  1.25239E+15
  9.18977E+14  6.73698E+14  4.93455E+14  3.61140E+14  2.64100E+14  1.92995E+14

 jn =   14
  1.77710E+28  7.72350E+27  3.38849E+27  1.29160E+27  4.68588E+26  1.64759E+26
  5.52418E+25  1.78105E+25  5.60216E+24  1.64877E+24  4.64186E+23  1.35458E+23
  4.37594E+22  1.60734E+22  6.64369E+21  3.06124E+21  1.55215E+21  8.55141E+20
  5.05819E+20  3.17693E+20  2.13257E+20  1.49214E+20  1.07133E+20  7.84093E+19
  5.81956E+19  4.36248E+19  3.29243E+19  2.49555E+19  1.89609E+19  1.44201E+19
  1.09653E+19  8.33043E+18  6.31927E+18  4.78475E+18  3.61537E+18  2.72604E+18
  2.05093E+18  1.53975E+18  1.15356E+18  8.61954E+17  6.43069E+17  4.78967E+17
  3.56154E+17  2.64036E+17  1.95612E+17  1.44718E+17  1.06915E+17  7.88803E+16
  5.81227E+16  4.27759E+16  3.14452E+16  2.30909E+16  1.69388E+16  1.24138E+16
  9.08936E+15  6.64949E+15  4.86062E+15  3.55030E+15  2.59136E+15  1.89015E+15

 jn =   15
  3.04680E+29  1.43641E+29  6.43600E+28  2.71638E+28  1.12353E+28  4.16670E+27
  1.45733E+27  4.87156E+26  1.56243E+26  4.57029E+25  1.25906E+25  3.58390E+24
  1.12861E+24  4.03158E+23  1.61463E+23  7.17047E+22  3.48326E+22  1.82897E+22
  1.02671E+22  6.10493E+21  3.92896E+21  2.65026E+21  1.83619E+21  1.29829E+21
  9.32299E+20  6.77112E+20  4.95903E+20  3.65290E+20  2.70132E+20  2.00232E+20
  1.48599E+20  1.10313E+20  8.18631E+19  6.07035E+19  4.49678E+19  3.32744E+19
  2.45955E+19  1.81620E+19  1.33990E+19  9.85925E+18  7.25643E+18  5.33928E+18
  3.92707E+18  2.87575E+18  2.10977E+18  1.54735E+18  1.13420E+18  8.30876E+17
  6.08306E+17  4.45088E+17  3.25469E+17  2.37855E+17  1.73723E+17  1.26808E+17
  9.25092E+16  6.74491E+16  4.91503E+16  3.57964E+16  2.60569E+16  1.89576E+16

 H2 external source Rate(jt,jn) (cm**-3 s**-1)
 jn =   1
  0.00000E+00  0.00000E+00  0.00000E+00  0.00000E+00  0.00000E+00  0.00000E+00
  0.00000E+00  0.00000E+00  0.00000E+00  0.00000E+00  0.00000E+00  0.00000E+00
  0.00000E+00  0.00000E+00  0.00000E+00  0.00000E+00  0.00000E+00  0.00000E+00
  0.00000E+00  0.00000E+00  0.00000E+00  0.00000E+00  0.00000E+00  0.00000E+00
  0.00000E+00  0.00000E+00  0.00000E+00  0.00000E+00  0.00000E+00  0.00000E+00
  0.00000E+00  0.00000E+00  0.00000E+00  0.00000E+00  0.00000E+00  0.00000E+00
  0.00000E+00  0.00000E+00  0.00000E+00  0.00000E+00  0.00000E+00  0.00000E+00
  0.00000E+00  0.00000E+00  0.00000E+00  0.00000E+00  0.00000E+00  0.00000E+00
  0.00000E+00  0.00000E+00  0.00000E+00  0.00000E+00  0.00000E+00  0.00000E+00
  0.00000E+00  0.00000E+00  0.00000E+00  0.00000E+00  0.00000E+00  0.00000E+00

 jn =   2
  0.00000E+00  0.00000E+00  0.00000E+00  0.00000E+00  0.00000E+00  0.00000E+00
  0.00000E+00  0.00000E+00  0.00000E+00  0.00000E+00  0.00000E+00  0.00000E+00
  0.00000E+00  0.00000E+00  0.00000E+00  0.00000E+00  0.00000E+00  0.00000E+00
  0.00000E+00  0.00000E+00  0.00000E+00  0.00000E+00  0.00000E+00  0.00000E+00
  0.00000E+00  0.00000E+00  0.00000E+00  0.00000E+00  0.00000E+00  0.00000E+00
  0.00000E+00  0.00000E+00  0.00000E+00  0.00000E+00  0.00000E+00  0.00000E+00
  0.00000E+00  0.00000E+00  0.00000E+00  0.00000E+00  0.00000E+00  0.00000E+00
  0.00000E+00  0.00000E+00  0.00000E+00  0.00000E+00  0.00000E+00  0.00000E+00
  0.00000E+00  0.00000E+00  0.00000E+00  0.00000E+00  0.00000E+00  0.00000E+00
  0.00000E+00  0.00000E+00  0.00000E+00  0.00000E+00  0.00000E+00  0.00000E+00

 jn =   3
  0.00000E+00  0.00000E+00  0.00000E+00  0.00000E+00  0.00000E+00  0.00000E+00
  0.00000E+00  0.00000E+00  0.00000E+00  0.00000E+00  0.00000E+00  0.00000E+00
  0.00000E+00  0.00000E+00  0.00000E+00  0.00000E+00  0.00000E+00  0.00000E+00
  0.00000E+00  0.00000E+00  0.00000E+00  0.00000E+00  0.00000E+00  0.00000E+00
  0.00000E+00  0.00000E+00  0.00000E+00  0.00000E+00  0.00000E+00  0.00000E+00
  0.00000E+00  0.00000E+00  0.00000E+00  0.00000E+00  0.00000E+00  0.00000E+00
  0.00000E+00  0.00000E+00  0.00000E+00  0.00000E+00  0.00000E+00  0.00000E+00
  0.00000E+00  0.00000E+00  0.00000E+00  0.00000E+00  0.00000E+00  0.00000E+00
  0.00000E+00  0.00000E+00  0.00000E+00  0.00000E+00  0.00000E+00  0.00000E+00
  0.00000E+00  0.00000E+00  0.00000E+00  0.00000E+00  0.00000E+00  0.00000E+00

 jn =   4
  0.00000E+00  0.00000E+00  0.00000E+00  0.00000E+00  0.00000E+00  0.00000E+00
  0.00000E+00  0.00000E+00  0.00000E+00  0.00000E+00  0.00000E+00  0.00000E+00
  0.00000E+00  0.00000E+00  0.00000E+00  0.00000E+00  0.00000E+00  0.00000E+00
  0.00000E+00  0.00000E+00  0.00000E+00  0.00000E+00  0.00000E+00  0.00000E+00
  0.00000E+00  0.00000E+00  0.00000E+00  0.00000E+00  0.00000E+00  0.00000E+00
  0.00000E+00  0.00000E+00  0.00000E+00  0.00000E+00  0.00000E+00  0.00000E+00
  0.00000E+00  0.00000E+00  0.00000E+00  0.00000E+00  0.00000E+00  0.00000E+00
  0.00000E+00  0.00000E+00  0.00000E+00  0.00000E+00  0.00000E+00  0.00000E+00
  0.00000E+00  0.00000E+00  0.00000E+00  0.00000E+00  0.00000E+00  0.00000E+00
  0.00000E+00  0.00000E+00  0.00000E+00  0.00000E+00  0.00000E+00  0.00000E+00

 jn =   5
  0.00000E+00  0.00000E+00  0.00000E+00  0.00000E+00  0.00000E+00  0.00000E+00
  0.00000E+00  0.00000E+00  0.00000E+00  0.00000E+00  0.00000E+00  0.00000E+00
  0.00000E+00  0.00000E+00  0.00000E+00  0.00000E+00  0.00000E+00  0.00000E+00
  0.00000E+00  0.00000E+00  0.00000E+00  0.00000E+00  0.00000E+00  0.00000E+00
  0.00000E+00  0.00000E+00  0.00000E+00  0.00000E+00  0.00000E+00  0.00000E+00
  0.00000E+00  0.00000E+00  0.00000E+00  0.00000E+00  0.00000E+00  0.00000E+00
  0.00000E+00  0.00000E+00  0.00000E+00  0.00000E+00  0.00000E+00  0.00000E+00
  0.00000E+00  0.00000E+00  0.00000E+00  0.00000E+00  0.00000E+00  0.00000E+00
  0.00000E+00  0.00000E+00  0.00000E+00  0.00000E+00  0.00000E+00  0.00000E+00
  0.00000E+00  0.00000E+00  0.00000E+00  0.00000E+00  0.00000E+00  0.00000E+00

 jn =   6
  0.00000E+00  0.00000E+00  0.00000E+00  0.00000E+00  0.00000E+00  0.00000E+00
  0.00000E+00  0.00000E+00  0.00000E+00  0.00000E+00  0.00000E+00  0.00000E+00
  0.00000E+00  0.00000E+00  0.00000E+00  0.00000E+00  0.00000E+00  0.00000E+00
  0.00000E+00  0.00000E+00  0.00000E+00  0.00000E+00  0.00000E+00  0.00000E+00
  0.00000E+00  0.00000E+00  0.00000E+00  0.00000E+00  0.00000E+00  0.00000E+00
  0.00000E+00  0.00000E+00  0.00000E+00  0.00000E+00  0.00000E+00  0.00000E+00
  0.00000E+00  0.00000E+00  0.00000E+00  0.00000E+00  0.00000E+00  0.00000E+00
  0.00000E+00  0.00000E+00  0.00000E+00  0.00000E+00  0.00000E+00  0.00000E+00
  0.00000E+00  0.00000E+00  0.00000E+00  0.00000E+00  0.00000E+00  0.00000E+00
  0.00000E+00  0.00000E+00  0.00000E+00  0.00000E+00  0.00000E+00  0.00000E+00

 jn =   7
  0.00000E+00  0.00000E+00  0.00000E+00  0.00000E+00  0.00000E+00  0.00000E+00
  0.00000E+00  0.00000E+00  0.00000E+00  0.00000E+00  0.00000E+00  0.00000E+00
  0.00000E+00  0.00000E+00  0.00000E+00  0.00000E+00  0.00000E+00  0.00000E+00
  0.00000E+00  0.00000E+00  0.00000E+00  0.00000E+00  0.00000E+00  0.00000E+00
  0.00000E+00  0.00000E+00  0.00000E+00  0.00000E+00  0.00000E+00  0.00000E+00
  0.00000E+00  0.00000E+00  0.00000E+00  0.00000E+00  0.00000E+00  0.00000E+00
  0.00000E+00  0.00000E+00  0.00000E+00  0.00000E+00  0.00000E+00  0.00000E+00
  0.00000E+00  0.00000E+00  0.00000E+00  0.00000E+00  0.00000E+00  0.00000E+00
  0.00000E+00  0.00000E+00  0.00000E+00  0.00000E+00  0.00000E+00  0.00000E+00
  0.00000E+00  0.00000E+00  0.00000E+00  0.00000E+00  0.00000E+00  0.00000E+00

 jn =   8
  0.00000E+00  0.00000E+00  0.00000E+00  0.00000E+00  0.00000E+00  0.00000E+00
  0.00000E+00  0.00000E+00  0.00000E+00  0.00000E+00  0.00000E+00  0.00000E+00
  0.00000E+00  0.00000E+00  0.00000E+00  0.00000E+00  0.00000E+00  0.00000E+00
  0.00000E+00  0.00000E+00  0.00000E+00  0.00000E+00  0.00000E+00  0.00000E+00
  0.00000E+00  0.00000E+00  0.00000E+00  0.00000E+00  0.00000E+00  0.00000E+00
  0.00000E+00  0.00000E+00  0.00000E+00  0.00000E+00  0.00000E+00  0.00000E+00
  0.00000E+00  0.00000E+00  0.00000E+00  0.00000E+00  0.00000E+00  0.00000E+00
  0.00000E+00  0.00000E+00  0.00000E+00  0.00000E+00  0.00000E+00  0.00000E+00
  0.00000E+00  0.00000E+00  0.00000E+00  0.00000E+00  0.00000E+00  0.00000E+00
  0.00000E+00  0.00000E+00  0.00000E+00  0.00000E+00  0.00000E+00  0.00000E+00

 jn =   9
  0.00000E+00  0.00000E+00  0.00000E+00  0.00000E+00  0.00000E+00  0.00000E+00
  0.00000E+00  0.00000E+00  0.00000E+00  0.00000E+00  0.00000E+00  0.00000E+00
  0.00000E+00  0.00000E+00  0.00000E+00  0.00000E+00  0.00000E+00  0.00000E+00
  0.00000E+00  0.00000E+00  0.00000E+00  0.00000E+00  0.00000E+00  0.00000E+00
  0.00000E+00  0.00000E+00  0.00000E+00  0.00000E+00  0.00000E+00  0.00000E+00
  0.00000E+00  0.00000E+00  0.00000E+00  0.00000E+00  0.00000E+00  0.00000E+00
  0.00000E+00  0.00000E+00  0.00000E+00  0.00000E+00  0.00000E+00  0.00000E+00
  0.00000E+00  0.00000E+00  0.00000E+00  0.00000E+00  0.00000E+00  0.00000E+00
  0.00000E+00  0.00000E+00  0.00000E+00  0.00000E+00  0.00000E+00  0.00000E+00
  0.00000E+00  0.00000E+00  0.00000E+00  0.00000E+00  0.00000E+00  0.00000E+00

 jn =   10
  0.00000E+00  0.00000E+00  0.00000E+00  0.00000E+00  0.00000E+00  0.00000E+00
  0.00000E+00  0.00000E+00  0.00000E+00  0.00000E+00  0.00000E+00  0.00000E+00
  0.00000E+00  0.00000E+00  0.00000E+00  0.00000E+00  0.00000E+00  0.00000E+00
  0.00000E+00  0.00000E+00  0.00000E+00  0.00000E+00  0.00000E+00  0.00000E+00
  0.00000E+00  0.00000E+00  0.00000E+00  0.00000E+00  0.00000E+00  0.00000E+00
  0.00000E+00  0.00000E+00  0.00000E+00  0.00000E+00  0.00000E+00  0.00000E+00
  0.00000E+00  0.00000E+00  0.00000E+00  0.00000E+00  0.00000E+00  0.00000E+00
  0.00000E+00  0.00000E+00  0.00000E+00  0.00000E+00  0.00000E+00  0.00000E+00
  0.00000E+00  0.00000E+00  0.00000E+00  0.00000E+00  0.00000E+00  0.00000E+00
  0.00000E+00  0.00000E+00  0.00000E+00  0.00000E+00  0.00000E+00  0.00000E+00

 jn =   11
  0.00000E+00  0.00000E+00  0.00000E+00  0.00000E+00  0.00000E+00  0.00000E+00
  0.00000E+00  0.00000E+00  0.00000E+00  0.00000E+00  0.00000E+00  0.00000E+00
  0.00000E+00  0.00000E+00  0.00000E+00  0.00000E+00  0.00000E+00  0.00000E+00
  0.00000E+00  0.00000E+00  0.00000E+00  0.00000E+00  0.00000E+00  0.00000E+00
  0.00000E+00  0.00000E+00  0.00000E+00  0.00000E+00  0.00000E+00  0.00000E+00
  0.00000E+00  0.00000E+00  0.00000E+00  0.00000E+00  0.00000E+00  0.00000E+00
  0.00000E+00  0.00000E+00  0.00000E+00  0.00000E+00  0.00000E+00  0.00000E+00
  0.00000E+00  0.00000E+00  0.00000E+00  0.00000E+00  0.00000E+00  0.00000E+00
  0.00000E+00  0.00000E+00  0.00000E+00  0.00000E+00  0.00000E+00  0.00000E+00
  0.00000E+00  0.00000E+00  0.00000E+00  0.00000E+00  0.00000E+00  0.00000E+00

 jn =   12
  0.00000E+00  0.00000E+00  0.00000E+00  0.00000E+00  0.00000E+00  0.00000E+00
  0.00000E+00  0.00000E+00  0.00000E+00  0.00000E+00  0.00000E+00  0.00000E+00
  0.00000E+00  0.00000E+00  0.00000E+00  0.00000E+00  0.00000E+00  0.00000E+00
  0.00000E+00  0.00000E+00  0.00000E+00  0.00000E+00  0.00000E+00  0.00000E+00
  0.00000E+00  0.00000E+00  0.00000E+00  0.00000E+00  0.00000E+00  0.00000E+00
  0.00000E+00  0.00000E+00  0.00000E+00  0.00000E+00  0.00000E+00  0.00000E+00
  0.00000E+00  0.00000E+00  0.00000E+00  0.00000E+00  0.00000E+00  0.00000E+00
  0.00000E+00  0.00000E+00  0.00000E+00  0.00000E+00  0.00000E+00  0.00000E+00
  0.00000E+00  0.00000E+00  0.00000E+00  0.00000E+00  0.00000E+00  0.00000E+00
  0.00000E+00  0.00000E+00  0.00000E+00  0.00000E+00  0.00000E+00  0.00000E+00

 jn =   13
  0.00000E+00  0.00000E+00  0.00000E+00  0.00000E+00  0.00000E+00  0.00000E+00
  0.00000E+00  0.00000E+00  0.00000E+00  0.00000E+00  0.00000E+00  0.00000E+00
  0.00000E+00  0.00000E+00  0.00000E+00  0.00000E+00  0.00000E+00  0.00000E+00
  0.00000E+00  0.00000E+00  0.00000E+00  0.00000E+00  0.00000E+00  0.00000E+00
  0.00000E+00  0.00000E+00  0.00000E+00  0.00000E+00  0.00000E+00  0.00000E+00
  0.00000E+00  0.00000E+00  0.00000E+00  0.00000E+00  0.00000E+00  0.00000E+00
  0.00000E+00  0.00000E+00  0.00000E+00  0.00000E+00  0.00000E+00  0.00000E+00
  0.00000E+00  0.00000E+00  0.00000E+00  0.00000E+00  0.00000E+00  0.00000E+00
  0.00000E+00  0.00000E+00  0.00000E+00  0.00000E+00  0.00000E+00  0.00000E+00
  0.00000E+00  0.00000E+00  0.00000E+00  0.00000E+00  0.00000E+00  0.00000E+00

 jn =   14
  0.00000E+00  0.00000E+00  0.00000E+00  0.00000E+00  0.00000E+00  0.00000E+00
  0.00000E+00  0.00000E+00  0.00000E+00  0.00000E+00  0.00000E+00  0.00000E+00
  0.00000E+00  0.00000E+00  0.00000E+00  0.00000E+00  0.00000E+00  0.00000E+00
  0.00000E+00  0.00000E+00  0.00000E+00  0.00000E+00  0.00000E+00  0.00000E+00
  0.00000E+00  0.00000E+00  0.00000E+00  0.00000E+00  0.00000E+00  0.00000E+00
  0.00000E+00  0.00000E+00  0.00000E+00  0.00000E+00  0.00000E+00  0.00000E+00
  0.00000E+00  0.00000E+00  0.00000E+00  0.00000E+00  0.00000E+00  0.00000E+00
  0.00000E+00  0.00000E+00  0.00000E+00  0.00000E+00  0.00000E+00  0.00000E+00
  0.00000E+00  0.00000E+00  0.00000E+00  0.00000E+00  0.00000E+00  0.00000E+00
  0.00000E+00  0.00000E+00  0.00000E+00  0.00000E+00  0.00000E+00  0.00000E+00

 jn =   15
  0.00000E+00  0.00000E+00  0.00000E+00  0.00000E+00  0.00000E+00  0.00000E+00
  0.00000E+00  0.00000E+00  0.00000E+00  0.00000E+00  0.00000E+00  0.00000E+00
  0.00000E+00  0.00000E+00  0.00000E+00  0.00000E+00  0.00000E+00  0.00000E+00
  0.00000E+00  0.00000E+00  0.00000E+00  0.00000E+00  0.00000E+00  0.00000E+00
  0.00000E+00  0.00000E+00  0.00000E+00  0.00000E+00  0.00000E+00  0.00000E+00
  0.00000E+00  0.00000E+00  0.00000E+00  0.00000E+00  0.00000E+00  0.00000E+00
  0.00000E+00  0.00000E+00  0.00000E+00  0.00000E+00  0.00000E+00  0.00000E+00
  0.00000E+00  0.00000E+00  0.00000E+00  0.00000E+00  0.00000E+00  0.00000E+00
  0.00000E+00  0.00000E+00  0.00000E+00  0.00000E+00  0.00000E+00  0.00000E+00
  0.00000E+00  0.00000E+00  0.00000E+00  0.00000E+00  0.00000E+00  0.00000E+00

